32.3111  202.09
31.8856  187.603
31.4657  153.612
31.0513  134.354
30.6423  157.708
30.2388  187.08
29.8406  173.429
29.4476  152.216
29.0597  180.885
28.677  183.175
28.2994  147.368
27.9267  153.488
27.5589  165.853
27.1959  148.915
26.8378  161.627
26.4843  175.341
26.1355  166.552
25.7913  188.081
25.4517  151.647
25.1165  157.55
24.7857  161.584
24.4593  139.482
24.1372  137.064
23.8193  140.594
23.5056  122.6
23.196  169.772
22.8905  166.88
22.5891  136.769
22.2916  145.22
21.998  130.782
21.7083  161.187
21.4224  155.005
21.1403  143.16
20.8619  159.218
20.5871  140.323
20.316  180.325
20.0484  165.812
19.7844  174.741
19.5238  148.065
19.2667  158.197
19.013  187.207
18.7626  162.259
18.5155  130.4
18.2716  172.814
18.031  141.69
17.7935  153.978
17.5592  151.599
17.328  132.818
17.0997  122.437
16.8745  137.748
16.6523  161.529
16.433  149.151
16.2166  162.618
16.003  136.947
15.7923  167.562
15.5843  121.292
15.379  148.057
15.1765  131.207
14.9766  147.55
14.7794  177.189
14.5848  145.164
14.3927  140.598
14.2031  130.657
14.0161  161.703
13.8315  157.059
13.6493  135.016
13.4696  163.552
13.2922  121.322
13.1171  167.063
12.9444  150.08
12.7739  148.824
12.6057  135.134
12.4397  157.161
12.2758  152.716
12.1142  135.463
11.9546  137.653
11.7972  124.888
11.6418  144.613
11.4885  119.029
11.3372  161.106
11.1879  164.052
11.0405  160.788
10.8951  117.25
10.7517  128.756
10.6101  140.272
10.4703  157.744
10.3324  120.027
10.1964  150.532
10.0621  125.161
9.92956  143.847
9.79879  122.34
9.66974  154.138
9.5424  152.899
9.41673  145.95
9.29271  135.809
9.17033  148.679
9.04955  135.491
8.93037  166.843
8.81276  123.916
8.6967  108.645
8.58217  144.009
8.46914  107.53
8.35761  117.651
8.24754  131.842
8.13892  126.226
8.03173  123.647
7.92596  137.847
7.82157  131.023
7.71857  143.742
7.61691  96.6445
7.5166  155.919
7.41761  134.468
7.31992  122.307
7.22352  181.354
7.12839  116.391
7.03451  146.491
6.94187  132.686
6.85044  132.389
6.76022  143.326
6.67119  125.371
6.58334  126.959
6.49663  161.56
6.41108  129.47
6.32664  124.905
6.24332  131.013
6.1611  130.973
6.07996  113.949
5.99989  116.888
5.92087  135.396
5.84289  126.926
5.76594  133.565
5.69001  125.039
5.61507  126.338
5.54112  134.901
5.46815  114.488
5.39613  119.789
5.32507  124.922
5.25494  134.716
5.18573  135.67
5.11744  109.918
5.05004  126.241
4.98353  130.816
4.9179  147.031
4.85313  106.66
4.78922  120.861
4.72615  103.197
4.6639  115.831
4.60248  111.22
4.54187  128.628
4.48205  152.786
4.42303  115.497
4.36478  127.653
4.30729  106.735
4.25057  113.651
4.19459  115.956
4.13935  121.302
4.08483  121.564
4.03103  103.785
3.97795  114.834
3.92556  102.69
3.87386  100.109
3.82284  102.612
3.7725  133.974
3.72281  131.893
3.67378  114.481
3.6254  121.431
3.57766  132.374
3.53054  118.972
3.48404  106.651
3.43816  123.404
3.39288  123.225
3.3482  113.765
3.3041  136.249
3.26059  110.018
3.21764  116.766
3.17527  116.283
3.13345  94.2351
3.09218  113.392
3.05146  115.139
3.01127  108.544
2.97162  99.8238
2.93248  106.92
2.89386  97.5238
2.85575  98.8669
2.81814  116.819
2.78103  98.6046
2.7444  97.0464
2.70826  109.942
2.67259  108.075
2.63739  112.079
2.60266  114.658
2.56838  118.99
2.53456  103.914
2.50118  87.227
2.46824  101.693
2.43573  129.767
2.40365  118.192
2.372  96.4656
2.34076  98.2362
2.30993  106.406
2.27951  84.4878
2.24949  110.612
2.21987  105.454
2.19063  103.253
2.16178  106.605
2.13331  106.084
2.10521  101.122
2.07749  90.7517
2.05013  102.612
2.02313  106.668
1.99649  91.997
1.97019  87.4624
1.94425  82.6618
1.91864  94.7406
1.89337  99.0137
1.86844  90.8942
1.84383  86.9981
1.81955  104.645
1.79558  89.2178
1.77194  82.3859
1.7486  89.4536
1.72557  85.8283
1.70285  82.2588
1.68042  90.8753
1.65829  78.715
1.63645  98.4105
1.6149  93.8109
1.59363  82.0713
1.57264  85.2878
1.55193  87.4243
1.53149  95.2185
1.51132  90.5432
1.49142  94.1193
1.47178  82.4619
1.4524  82.6599
1.43327  91.6372
1.41439  88.3882
1.39577  83.5387
1.37738  84.2721
1.35924  81.6012
1.34134  93.408
1.32368  84.2566
1.30624  85.6398
1.28904  81.8116
1.27207  83.9546
1.25531  84.0811
1.23878  84.9767
1.22247  83.9278
1.20637  85.3814
1.19048  79.5397
1.1748  81.678
1.15933  77.7963
1.14406  87.2892
1.12899  69.0451
1.11412  77.6824
1.09945  87.4597
1.08497  75.7752
1.07068  79.68
1.05658  70.7665
1.04267  80.7368
1.02894  73.9071
1.01539  83.6295
1.00201  75.9541
0.988817  71.8455
0.975794  65.5586
0.962943  68.1031
0.950262  69.2114
0.937747  77.9011
0.925397  73.6795
0.91321  81.7426
0.901183  77.931
0.889315  81.6527
0.877603  76.7212
0.866045  71.8487
0.854639  76.8144
0.843384  68.6346
0.832277  67.4705
0.821316  68.2177
0.810499  68.4713
0.799825  76.602
0.789292  66.1687
0.778897  75.5517
0.768639  63.6838
0.758516  66.1892
0.748527  64.3915
0.738669  68.3694
0.728941  57.4796
0.719341  60.9112
0.709867  60.8765
0.700518  61.7328
0.691293  61.9469
0.682189  62.3829
0.673204  64.5006
0.664338  67.502
0.655589  69.241
0.646955  68.7051
0.638435  67.014
0.630027  69.9022
0.62173  67.9982
0.613542  62.3821
0.605461  63.2994
0.597488  62.0207
0.589619  64.8505
0.581854  57.313
0.574191  55.6051
0.566629  57.2247
0.559166  59.8314
0.551802  62.0067
0.544535  61.1177
0.537364  57.7003
0.530287  54.7931
0.523303  60.3163
0.516411  58.7451
0.50961  61.5158
0.502899  61.3176
0.496276  56.8684
0.48974  57.5324
0.48329  56.6084
0.476925  57.6919
0.470644  59.9833
0.464446  52.6011
0.45833  55.081
0.452293  51.2996
0.446337  50.0816
0.440459  47.8129
0.434658  50.9089
0.428934  50.4999
0.423285  48.0965
0.41771  47.916
0.412209  47.1106
0.40678  48.1341
0.401423  43.8193
0.396136  47.1923
0.390919  44.5563
0.385771  44.4613
0.380691  45.2395
0.375677  50.7413
0.370729  53.709
0.365847  55.5754
0.361029  52.6681
0.356274  52.0046
0.351582  48.9556
0.346952  46.9774
0.342383  48.9195
0.337874  49.9595
0.333424  48.2916
0.329033  47.8813
0.324699  45.6974
0.320423  45.4679
0.316203  46.112
0.312039  47.7921
0.307929  47.6562
0.303874  45.0037
0.299872  44.6283
0.295923  47.4134
0.292026  48.89
0.28818  50.7095
0.284385  48.7594
0.280639  48.0628
0.276943  49.8166
0.273296  49.6741
0.269697  46.606
0.266145  43.8492
0.26264  45.8486
0.259181  44.8359
0.255768  43.3438
0.252399  45.9983
0.249075  46.5135
0.245795  49.439
0.242558  47.4781
0.239363  45.5064
0.236211  43.7201
0.2331  44.1138
0.23003  43.7282
0.227001  44.0689
0.224011  43.5972
0.221061  43.0055
0.21815  41.5819
0.215277  42.9195
0.212442  40.9974
0.209644  40.3488
0.206883  38.6745
0.204158  38.0939
0.20147  38.7744
0.198816  38.4076
0.196198  39.2067
0.193614  39.3413
0.191064  39.4889
0.188548  39.9797
0.186065  39.7939
0.183614  40.6932
0.181196  38.7143
0.17881  38.6331
0.176455  38.2797
0.174131  37.8285
0.171838  37.3473
0.169575  37.5021
0.167342  37.1746
0.165138  37.1496
0.162963  36.4045
0.160817  36.9315
0.158699  36.357
0.156609  35.6884
0.154546  35.2755
0.152511  34.8586
0.150502  35.0196
0.14852  34.8884
0.146564  34.921
0.144634  34.5828
0.142729  34.8508
0.14085  33.3255
0.138995  33.4359
0.137164  33.2977
0.135358  33.143
0.133575  33.9227
0.131816  34.7623
0.13008  34.4365
0.128367  33.9036
0.126676  34.0102
0.125008  33.7916
0.123362  33.6162
0.121737  33.2501
0.120134  33.0859
0.118552  33.77
0.11699  33.7373
0.11545  33.638
0.113929  33.769
0.112429  33.4854
0.110948  33.6195
0.109487  33.0447
0.108045  33.3793
0.106622  32.8443
0.105218  33.1425
0.103832  33.1828
0.102465  32.7739
0.101115  33.4421
0.0997836  32.7596
0.0984695  32.6089
0.0971726  32.6905
0.0958929  32.4986
0.09463  32.1387
0.0933838  32.0785
0.0921539  32.1352
0.0909403  32.2506
0.0897426  32.1384
0.0885607  32.1645
0.0873944  32.1839
0.0862434  32.2219
0.0851076  32.2701
0.0839868  32.0597
0.0828807  32.2739
0.0817892  31.9019
0.080712  32.0308
0.0796491  32.003
0.0786001  31.8638
0.077565  32.1438
0.0765435  31.6553
0.0755354  31.1721
0.0745406  31.4727
0.0735589  31.4124
0.0725902  31.0303
0.0716342  30.807
0.0706908  30.9193
0.0697598  30.7981
0.0688411  30.7489
0.0679344  31.1381
0.0670398  30.9957
0.0661569  30.8882
0.0652856  30.5761
0.0644258  30.737
0.0635773  30.3631
0.06274  30.3484
0.0619138  30.2738
0.0610984  30.1476
0.0602937  30.1432
0.0594997  29.9498
0.0587161  30.0065
0.0579428  30.0407
0.0571797  29.9721
0.0564267  29.7816
0.0556835  30.0371
0.0549502  30.0287
0.0542265  29.7805
0.0535124  29.814
0.0528076  29.9845
0.0521122  29.9925
0.0514258  30.1754
0.0507486  29.668
0.0500802  29.7145
0.0494207  30.0647
0.0487698  29.7378
0.0481275  30.0093
0.0474937  30.0428
0.0468682  29.8892
0.046251  29.8529
0.0456419  29.7402
0.0450408  29.6112
0.0444476  29.6207
0.0438622  29.586
0.0432846  29.5729
0.0427145  29.5686
0.042152  29.6081
0.0415969  29.6073
0.041049  29.5732
0.0405084  29.6984
0.0399749  29.6971
0.0394485  29.6432
0.038929  29.5896
0.0384163  29.5132
0.0379103  29.3989
0.0374111  29.3762
0.0369184  29.3623
0.0364322  29.3995
0.0359524  29.4902
0.0354789  29.4545
0.0350116  29.4679
0.0345505  29.3673
0.0340955  29.4319
0.0336465  29.4503
0.0332034  29.3491
0.0327661  29.4446
0.0323346  29.4394
0.0319087  29.3673
0.0314885  29.4541
0.0310738  29.4586
0.0306646  29.4414
0.0302607  29.4364
0.0298622  29.4873
0.0294689  29.4991
0.0290808  29.6037
0.0286978  29.5027
0.0283199  29.5971
0.0279469  29.5258
0.0275789  29.5425
0.0272157  29.5272
0.0268572  29.3301
0.0265035  29.3168
0.0261545  29.348
0.02581  29.37
0.0254701  29.2602
0.0251347  29.0176
0.0248037  29.0057
0.024477  28.9463
0.0241547  28.9967
0.0238365  28.8618
0.0235226  28.9325
0.0232128  28.9935
0.0229071  28.9142
0.0226054  28.7979
0.0223077  28.7196
0.0220139  28.6826
0.021724  28.6537
0.0214379  28.5972
0.0211556  28.6564
0.020877  28.6375
0.020602  28.6803
0.0203307  28.7113
0.020063  28.7371
0.0197987  28.7054
0.019538  28.6331
0.0192807  28.6922
0.0190268  28.7145
0.0187762  28.623
0.0185289  28.6337
0.0182849  28.6118
0.0180441  28.6067
0.0178064  28.6849
0.0175719  28.6878
0.0173405  28.8073
0.0171121  28.798
0.0168868  28.7771
0.0166644  28.7204
0.0164449  28.7168
0.0162283  28.7499
0.0160146  28.6158
0.0158037  28.6136
0.0155956  28.5773
0.0153902  28.5869
0.0151875  28.5926
0.0149875  28.5928
0.0147901  28.6025
0.0145953  28.5902
0.0144031  28.5809
0.0142134  28.4802
0.0140262  28.4575
0.0138415  28.4636
0.0136592  28.4533
0.0134793  28.4364
0.0133018  28.4297
0.0131266  28.4607
0.0129538  28.4529
0.0127832  28.4571
0.0126148  28.3992
0.0124487  28.3767
0.0122847  28.399
0.0121229  28.3882
0.0119633  28.3542
0.0118057  28.3517
0.0116503  28.3358
0.0114968  28.3621
0.0113454  28.3899
0.011196  28.3504
0.0110485  28.3587
0.010903  28.342
0.0107594  28.3672
0.0106177  28.3885
0.0104779  28.325
0.0103399  28.3031
0.0102037  28.1522
0.0100694  28.051
0.00993676  27.9916
0.00980589  27.9802
0.00967675  27.9779
0.00954931  27.861
0.00942355  27.867
0.00929944  27.8855
0.00917697  27.8849
0.00905611  27.8579
0.00893685  27.7723
0.00881915  27.7602
0.008703  27.8249
0.00858839  27.8351
0.00847528  27.8389
0.00836366  27.8025
0.00825351  27.7558
0.00814482  27.6219
0.00803755  27.6241
0.0079317  27.6694
0.00782724  27.6804
0.00772416  27.6568
0.00762243  27.6126
0.00752205  27.5733
0.00742298  27.5663
0.00732523  27.5884
0.00722875  27.6131
0.00713355  27.6129
0.00703961  27.4687
0.0069469  27.3362
0.00685541  27.3617
0.00676512  27.3648
0.00667603  27.3647
0.00658811  27.351
0.00650134  27.329
0.00641572  27.3144
0.00633123  27.2968
0.00624785  27.2864
0.00616556  27.3088
0.00608436  27.2933
0.00600423  27.2854
0.00592516  27.2746
0.00584713  27.2903
0.00577012  27.271
0.00569413  27.259
0.00561914  27.2697
0.00554514  27.2614
0.00547211  27.2523
0.00540004  27.2442
0.00532893  27.2738
0.00525874  27.2383
0.00518949  27.1042
0.00512114  27.0819
0.0050537  27.0653
0.00498714  27.0658
0.00492146  27.0857
0.00485665  27.0853
0.00479269  27.0869
0.00472957  27.0833
0.00466728  27.0834
0.00460582  27.0501
0.00454516  26.9411
0.0044853  26.9385
0.00442623  26.9392
0.00436794  26.91
0.00431041  26.889
0.00425365  26.8858
0.00419763  26.8925
0.00414234  26.8817
0.00408779  26.8866
0.00403396  26.8856
0.00398083  26.8935
0.0039284  26.8995
0.00387667  26.9
0.00382561  26.9017
0.00377523  26.7318
0.00372551  26.7167
0.00367645  26.7143
0.00362803  26.7275
0.00358025  26.7132
0.0035331  26.6132
0.00348657  26.6019
0.00344065  26.5866
0.00339534  26.5661
0.00335062  26.5733
0.00330649  26.5795
0.00326295  26.5422
0.00321998  26.5393
0.00317757  26.5569
0.00313572  26.5589
0.00309443  26.544
0.00305367  26.5519
0.00301346  26.5425
0.00297377  26.554
0.00293461  26.5499
0.00289596  26.5415
0.00285782  26.5297
0.00282018  26.5266
0.00278304  26.5094
0.00274639  26.5062
0.00271022  26.4978
0.00267453  26.5009
0.0026393  26.5036
0.00260454  26.5006
0.00257024  26.5011
0.00253639  26.5023
0.00250299  26.5034
0.00247003  26.5114
0.0024375  26.5099
0.0024054  26.5025
0.00237372  26.5004
0.00234246  26.5064
0.00231161  26.5104
0.00228116  26.5165
0.00225112  26.5066
0.00222147  26.498
0.00219222  26.4818
0.00216335  26.4737
0.00213486  26.4736
0.00210674  26.4775
0.00207899  26.4832
0.00205161  26.4549
0.0020246  26.4502
0.00199793  26.4492
0.00197162  26.4499
0.00194565  26.4523
0.00192003  26.45
0.00189474  26.4453
0.00186979  26.4418
0.00184517  26.4283
0.00182087  26.4151
0.00179689  26.4188
0.00177322  26.4108
0.00174987  26.4055
0.00172682  26.4189
0.00170408  26.4155
0.00168164  26.4135
0.00165949  26.4091
0.00163764  26.4072
0.00161607  26.4115
0.00159479  26.4083
0.00157378  26.4149
0.00155306  26.4146
0.0015326  26.4131
0.00151242  26.4123
0.0014925  26.4044
0.00147284  26.4051
0.00145345  26.4018
0.00143431  26.4039
0.00141542  26.3976
0.00139678  26.3974
0.00137838  26.3944
0.00136023  26.4138
0.00134231  26.4052
0.00132464  26.4059
0.00130719  26.3863
0.00128998  26.3837
0.00127299  26.3726
0.00125622  26.3684
0.00123968  26.3614
0.00122335  26.36
0.00120724  26.3595
0.00119134  26.3615
0.00117565  26.3618
0.00116017  26.358
0.00114489  26.3479
0.00112981  26.349
0.00111493  26.3493
0.00110025  26.3489
0.00108576  26.3445
0.00107146  26.3436
0.00105735  26.3437
0.00104342  26.3494
0.00102968  26.351
0.00101612  26.3511
0.00100274  26.3454
0.000989533  26.3402
0.000976501  26.3425
0.000963641  26.3423
0.00095095  26.3414
0.000938426  26.3417
0.000926068  26.3406
0.000913872  26.34
0.000901836  26.3403
0.000889959  26.3446
0.000878238  26.3446
0.000866672  26.3389
0.000855258  26.3353
0.000843995  26.335
0.00083288  26.3378
0.000821911  26.3413
0.000811086  26.3412
0.000800405  26.3402
0.000789864  26.3372
0.000779461  26.3367
0.000769196  26.3384
0.000759066  26.3255
0.000749069  26.326
0.000739204  26.3247
0.000729469  26.3177
0.000719862  26.3184
0.000710382  26.3178
0.000701026  26.3035
0.000691794  26.3035
0.000682683  26.2992
0.000673692  26.2948
0.00066482  26.2944
0.000656064  26.2847
0.000647424  26.282
0.000638898  26.2793
0.000630483  26.278
0.00062218  26.2744
0.000613986  26.274
0.0006059  26.2722
0.000597921  26.2724
0.000590046  26.2734
0.000582275  26.2729
0.000574607  26.2745
0.000567039  26.2741
0.000559572  26.2729
0.000552202  26.2716
0.00054493  26.2713
0.000537753  26.2737
0.000530671  26.2732
0.000523682  26.2733
0.000516786  26.2754
0.00050998  26.2742
0.000503263  26.2754
0.000496635  26.2755
0.000490095  26.2738
0.00048364  26.2727
0.000477271  26.273
0.000470985  26.2725
0.000464783  26.2713
0.000458662  26.2722
0.000452621  26.2731
0.00044666  26.2725
0.000440778  26.2731
0.000434973  26.2725
0.000429244  26.2733
0.000423591  26.2732
0.000418013  26.2732
0.000412508  26.2719
0.000407075  26.2718
0.000401714  26.2646
0.000396423  26.2625
0.000391203  26.2591
0.000386051  26.2605
0.000380966  26.2599
0.000375949  26.2609
0.000370998  26.2628
0.000366112  26.2627
0.00036129  26.2633
0.000356532  26.2601
0.000351837  26.26
0.000347203  26.2592
0.000342631  26.2588
0.000338118  26.2595
0.000333665  26.2595
0.000329271  26.2596
0.000324935  26.2596
0.000320655  26.2585
0.000316432  26.2583
0.000312265  26.257
0.000308153  26.255
0.000304094  26.2542
0.000300089  26.2537
0.000296137  26.2531
0.000292237  26.2512
0.000288389  26.2512
0.000284591  26.2508
0.000280843  26.2483
0.000277144  26.2481
0.000273494  26.2474
0.000269892  26.2474
0.000266338  26.2471
0.00026283  26.2465
0.000259369  26.2465
0.000255953  26.2461
0.000252582  26.2462
0.000249256  26.2461
0.000245973  26.2465
0.000242734  26.2474
0.000239537  26.2474
0.000236382  26.2471
0.000233269  26.2467
0.000230197  26.2469
0.000227165  26.2463
0.000224174  26.2465
0.000221221  26.2465
0.000218308  26.246
0.000215433  26.2463
0.000212596  26.2464
0.000209796  26.2473
0.000207033  26.2476
0.000204306  26.2473
0.000201616  26.2481
0.00019896  26.2468
0.00019634  26.2469
0.000193754  26.2473
0.000191203  26.2472
0.000188685  26.2465
0.0001862  26.2459
0.000183747  26.2451
0.000181328  26.2453
0.000178939  26.2445
0.000176583  26.2445
0.000174257  26.2424
0.000171962  26.2412
0.000169698  26.2411
0.000167463  26.2416
0.000165257  26.2408
0.000163081  26.2411
0.000160933  26.2408
0.000158814  26.2395
0.000156722  26.24
0.000154658  26.24
0.000152621  26.2394
0.000150611  26.2394
0.000148628  26.2385
0.000146671  26.2385
0.000144739  26.2385
0.000142833  26.2384
0.000140952  26.2376
0.000139095  26.2373
0.000137264  26.2372
0.000135456  26.2371
0.000133672  26.237
0.000131911  26.237
0.000130174  26.237
0.00012846  26.237
0.000126768  26.2369
0.000125099  26.2369
0.000123451  26.2369
0.000121825  26.2369
0.000120221  26.2364
0.000118638  26.236
0.000117075  26.2361
0.000115533  26.2351
0.000114012  26.2321
0.00011251  26.2308
0.000111028  26.2308
0.000109566  26.2308
0.000108123  26.2309
0.000106699  26.2301
0.000105294  26.2301
0.000103907  26.2301
0.000102539  26.23
0.000101189  26.2301
9.98559e-05  26.2301
9.85408e-05  26.2301
9.72431e-05  26.2301
9.59624e-05  26.2302
9.46986e-05  26.2299
9.34515e-05  26.23
9.22207e-05  26.23
9.10062e-05  26.23
8.98077e-05  26.2298
8.86249e-05  26.2298
8.74577e-05  26.2268
8.63059e-05  26.2268
8.51693e-05  26.2267
8.40477e-05  26.2266
8.29408e-05  26.2268
8.18485e-05  26.2266
8.07705e-05  26.2266
7.97068e-05  26.2264
7.86571e-05  26.2263
7.76212e-05  26.2263
7.65989e-05  26.2263
7.55901e-05  26.2263
7.45946e-05  26.2263
7.36123e-05  26.226
7.26428e-05  26.226
7.16861e-05  26.2261
7.0742e-05  26.2245
6.98104e-05  26.2246
6.8891e-05  26.2246
6.79837e-05  26.2246
6.70884e-05  26.2246
6.62048e-05  26.2245
6.53329e-05  26.2247
6.44725e-05  26.2247
6.36234e-05  26.2247
6.27855e-05  26.2247
6.19586e-05  26.2248
6.11427e-05  26.2248
6.03374e-05  26.2248
5.95428e-05  26.2248
5.87586e-05  26.2248
5.79848e-05  26.2248
32.3111  177.419
31.8856  167.41
31.4657  191.466
31.0513  170.325
30.6423  152.207
30.2388  132.927
29.8406  199.999
29.4476  209.238
29.0597  163.518
28.677  146.688
28.2994  141.399
27.9267  147.476
27.5589  144.626
27.1959  168.753
26.8378  150.708
26.4843  147.006
26.1355  170.262
25.7913  197.494
25.4517  141.353
25.1165  130.971
24.7857  154.996
24.4593  140.133
24.1372  143.601
23.8193  158.966
23.5056  151.818
23.196  158.703
22.8905  158.454
22.5891  168.325
22.2916  137.365
21.998  167.755
21.7083  163.702
21.4224  136.579
21.1403  141.063
20.8619  166.131
20.5871  181.686
20.316  176.705
20.0484  144.679
19.7844  197.754
19.5238  195.714
19.2667  178.468
19.013  165.246
18.7626  139.822
18.5155  146.705
18.2716  172.265
18.031  158.087
17.7935  192.524
17.5592  162.194
17.328  119.741
17.0997  144.922
16.8745  147.495
16.6523  163.557
16.433  181.492
16.2166  141.04
16.003  140.696
15.7923  138.771
15.5843  197.903
15.379  161.204
15.1765  159.018
14.9766  141.051
14.7794  126.342
14.5848  168.106
14.3927  130.342
14.2031  153.927
14.0161  161.235
13.8315  150.715
13.6493  153.578
13.4696  150.397
13.2922  122.637
13.1171  157.142
12.9444  145.189
12.7739  146.573
12.6057  137.811
12.4397  160.102
12.2758  128.58
12.1142  122.181
11.9546  158.104
11.7972  145.628
11.6418  123.857
11.4885  138.133
11.3372  168.026
11.1879  152.165
11.0405  143.57
10.8951  139.117
10.7517  148.569
10.6101  145.384
10.4703  147.614
10.3324  144.373
10.1964  124.561
10.0621  144.609
9.92956  135.18
9.79879  143.336
9.66974  122.509
9.5424  154.954
9.41673  130.064
9.29271  150.055
9.17033  123.054
9.04955  156.18
8.93037  130.216
8.81276  161.329
8.6967  129.469
8.58217  120.837
8.46914  149.235
8.35761  122.801
8.24754  138.776
8.13892  132.072
8.03173  148.855
7.92596  175.41
7.82157  145.982
7.71857  124.172
7.61691  128.461
7.5166  155.104
7.41761  116.075
7.31992  128.248
7.22352  138.231
7.12839  137.502
7.03451  139.032
6.94187  134.064
6.85044  136.542
6.76022  152.65
6.67119  120.715
6.58334  121.682
6.49663  121.217
6.41108  146.321
6.32664  136.838
6.24332  119.431
6.1611  125.83
6.07996  136.629
5.99989  143.178
5.92087  110.643
5.84289  116.086
5.76594  125.405
5.69001  134.922
5.61507  118.621
5.54112  127.877
5.46815  126.779
5.39613  140.652
5.32507  129.582
5.25494  101.074
5.18573  107.541
5.11744  133.94
5.05004  144.674
4.98353  114.198
4.9179  118.914
4.85313  161.162
4.78922  117.796
4.72615  95.8097
4.6639  112.618
4.60248  99.643
4.54187  124.067
4.48205  114.261
4.42303  150.728
4.36478  116.576
4.30729  131.65
4.25057  104.473
4.19459  107.347
4.13935  139.831
4.08483  119.644
4.03103  123.82
3.97795  104.524
3.92556  133.08
3.87386  122.614
3.82284  133.202
3.7725  135.214
3.72281  114.964
3.67378  111.428
3.6254  126.393
3.57766  125.953
3.53054  130.075
3.48404  113.559
3.43816  117.461
3.39288  115.903
3.3482  105.764
3.3041  105.192
3.26059  114.75
3.21764  119.199
3.17527  118.987
3.13345  112.854
3.09218  106.558
3.05146  108.436
3.01127  110.155
2.97162  128.643
2.93248  101.115
2.89386  94.8469
2.85575  113.752
2.81814  99.3275
2.78103  83.1984
2.7444  113.951
2.70826  114.826
2.67259  108.577
2.63739  109.781
2.60266  109.756
2.56838  100.72
2.53456  102.037
2.50118  113.674
2.46824  104.975
2.43573  98.8686
2.40365  98.0445
2.372  105.169
2.34076  96.6303
2.30993  99.903
2.27951  106.519
2.24949  82.1053
2.21987  107.911
2.19063  99.212
2.16178  98.3106
2.13331  91.8273
2.10521  91.3399
2.07749  103.78
2.05013  108.395
2.02313  93.5185
1.99649  95.1083
1.97019  89.0409
1.94425  104.856
1.91864  92.1503
1.89337  106.392
1.86844  105.544
1.84383  100.252
1.81955  93.3611
1.79558  80.2095
1.77194  97.4873
1.7486  95.8543
1.72557  93.2134
1.70285  85.0098
1.68042  100.29
1.65829  89.3997
1.63645  91.9202
1.6149  89.3257
1.59363  94.4899
1.57264  106.195
1.55193  92.3594
1.53149  95.5591
1.51132  94.4812
1.49142  89.3942
1.47178  87.9164
1.4524  88.8933
1.43327  85.6412
1.41439  83.2824
1.39577  79.8557
1.37738  88.8714
1.35924  85.8895
1.34134  88.9069
1.32368  81.7533
1.30624  84.5529
1.28904  82.5587
1.27207  83.5145
1.25531  76.9369
1.23878  72.513
1.22247  77.8704
1.20637  76.4402
1.19048  80.3538
1.1748  83.2248
1.15933  69.8094
1.14406  68.8004
1.12899  72.6181
1.11412  75.9607
1.09945  74.2308
1.08497  73.9953
1.07068  68.6317
1.05658  74.9143
1.04267  83.0208
1.02894  70.7889
1.01539  67.9539
1.00201  70.9539
0.988817  72.9267
0.975794  76.2166
0.962943  79.914
0.950262  72.7513
0.937747  72.3719
0.925397  80.7544
0.91321  65.9779
0.901183  71.9385
0.889315  69.8681
0.877603  65.5992
0.866045  64.7896
0.854639  71.3409
0.843384  63.9088
0.832277  71.2925
0.821316  66.0677
0.810499  61.9168
0.799825  68.8389
0.789292  70.5282
0.778897  63.5572
0.768639  64.0809
0.758516  67.8618
0.748527  64.5242
0.738669  71.1421
0.728941  67.7958
0.719341  70.4856
0.709867  65.5777
0.700518  74.1125
0.691293  64.1449
0.682189  63.4499
0.673204  55.8733
0.664338  64.2194
0.655589  71.9879
0.646955  57.8898
0.638435  59.5919
0.630027  62.5796
0.62173  64.4007
0.613542  62.2428
0.605461  55.95
0.597488  59.4897
0.589619  60.7249
0.581854  61.7407
0.574191  60.4192
0.566629  59.0707
0.559166  59.1846
0.551802  59.8123
0.544535  52.0252
0.537364  58.0608
0.530287  56.8892
0.523303  58.7379
0.516411  54.9096
0.50961  56.4447
0.502899  54.6561
0.496276  54.2683
0.48974  51.8034
0.48329  51.8501
0.476925  46.6487
0.470644  55.5053
0.464446  52.8602
0.45833  54.9681
0.452293  52.4445
0.446337  51.6245
0.440459  50.5644
0.434658  49.5092
0.428934  49.1825
0.423285  48.7863
0.41771  52.179
0.412209  47.9237
0.40678  51.682
0.401423  46.8219
0.396136  48.6825
0.390919  51.9405
0.385771  50.0161
0.380691  52.9338
0.375677  49.2613
0.370729  50.3791
0.365847  48.1206
0.361029  47.8222
0.356274  48.4277
0.351582  52.1856
0.346952  56.7418
0.342383  55.4363
0.337874  47.792
0.333424  47.5491
0.329033  46.6233
0.324699  47.6908
0.320423  43.6844
0.316203  44.798
0.312039  45.0687
0.307929  43.0504
0.303874  42.323
0.299872  42.2238
0.295923  41.9505
0.292026  38.2573
0.28818  39.2822
0.284385  41.2352
0.280639  39.5207
0.276943  42.962
0.273296  42.6705
0.269697  41.9291
0.266145  40.9871
0.26264  40.894
0.259181  40.4493
0.255768  43.2323
0.252399  42.2093
0.249075  40.9505
0.245795  43.0427
0.242558  41.8195
0.239363  42.0963
0.236211  40.8177
0.2331  43.0845
0.23003  42.2023
0.227001  41.747
0.224011  42.0226
0.221061  42.3342
0.21815  41.7765
0.215277  42.1782
0.212442  42.679
0.209644  41.5582
0.206883  41.9018
0.204158  40.5156
0.20147  39.9537
0.198816  40.2739
0.196198  38.392
0.193614  38.5786
0.191064  37.2878
0.188548  38.1121
0.186065  38.2464
0.183614  39.4105
0.181196  37.601
0.17881  37.1304
0.176455  35.1379
0.174131  35.1444
0.171838  34.225
0.169575  34.8299
0.167342  32.7599
0.165138  32.6723
0.162963  33.8483
0.160817  35.3759
0.158699  33.2142
0.156609  34.0484
0.154546  32.9243
0.152511  32.709
0.150502  33.1009
0.14852  32.4205
0.146564  33.1962
0.144634  32.7513
0.142729  33.1241
0.14085  33.4131
0.138995  32.7514
0.137164  32.0007
0.135358  32.0741
0.133575  31.5055
0.131816  31.5136
0.13008  31.6631
0.128367  31.9025
0.126676  32.0826
0.125008  32.1782
0.123362  32.3758
0.121737  31.9731
0.120134  32.2165
0.118552  31.7621
0.11699  31.6376
0.11545  30.7378
0.113929  30.3781
0.112429  30.4109
0.110948  30.5023
0.109487  30.1117
0.108045  30.0169
0.106622  29.8309
0.105218  29.5645
0.103832  30.3298
0.102465  30.6147
0.101115  30.2829
0.0997836  30.7195
0.0984695  30.3668
0.0971726  29.8353
0.0958929  30.2764
0.09463  30.3521
0.0933838  29.2101
0.0921539  29.3038
0.0909403  29.6153
0.0897426  30.1944
0.0885607  30.378
0.0873944  30.4349
0.0862434  30.2562
0.0851076  29.37
0.0839868  29.3639
0.0828807  29.0769
0.0817892  29.2899
0.080712  29.206
0.0796491  29.318
0.0786001  28.9402
0.077565  29.0932
0.0765435  29.0635
0.0755354  28.8711
0.0745406  28.9377
0.0735589  28.7041
0.0725902  28.8446
0.0716342  28.5986
0.0706908  28.1801
0.0697598  28.3369
0.0688411  28.4012
0.0679344  28.5251
0.0670398  28.2472
0.0661569  27.8143
0.0652856  27.6606
0.0644258  27.7923
0.0635773  27.9848
0.06274  27.8847
0.0619138  28.0544
0.0610984  28.0588
0.0602937  27.3925
0.0594997  27.1736
0.0587161  27.2508
0.0579428  26.8909
0.0571797  26.925
0.0564267  27.0532
0.0556835  27.1026
0.0549502  26.9308
0.0542265  26.981
0.0535124  27.0586
0.0528076  27.1699
0.0521122  27.1574
0.0514258  26.5059
0.0507486  26.2053
0.0500802  26.3677
0.0494207  26.3407
0.0487698  26.3126
0.0481275  26.3514
0.0474937  26.5353
0.0468682  26.5988
0.046251  26.3549
0.0456419  25.7337
0.0450408  25.5457
0.0444476  25.4231
0.0438622  25.604
0.0432846  25.3635
0.0427145  25.1491
0.042152  25.163
0.0415969  25.1385
0.041049  25.0216
0.0405084  25.1108
0.0399749  25.0513
0.0394485  24.8864
0.038929  25.0251
0.0384163  24.8187
0.0379103  24.8889
0.0374111  24.6248
0.0369184  24.5743
0.0364322  24.5045
0.0359524  24.6268
0.0354789  24.7651
0.0350116  24.5008
0.0345505  24.0582
0.0340955  24.0405
0.0336465  24.2955
0.0332034  24.4145
0.0327661  24.0129
0.0323346  24.0485
0.0319087  23.9452
0.0314885  23.8014
0.0310738  23.918
0.0306646  23.7991
0.0302607  23.7664
0.0298622  23.8152
0.0294689  23.843
0.0290808  23.7121
0.0286978  23.9502
0.0283199  23.914
0.0279469  23.9023
0.0275789  23.9261
0.0272157  23.947
0.0268572  23.9042
0.0265035  23.8756
0.0261545  23.7407
0.02581  23.6397
0.0254701  23.6323
0.0251347  23.5627
0.0248037  23.6288
0.024477  23.6757
0.0241547  23.5928
0.0238365  23.8934
0.0235226  23.5993
0.0232128  23.5935
0.0229071  23.5682
0.0226054  23.6786
0.0223077  23.7801
0.0220139  23.575
0.021724  23.5369
0.0214379  23.6633
0.0211556  23.6216
0.020877  23.5941
0.020602  23.5927
0.0203307  23.5305
0.020063  23.5637
0.0197987  23.5129
0.019538  23.5483
0.0192807  23.4577
0.0190268  23.456
0.0187762  23.3674
0.0185289  23.3916
0.0182849  23.4272
0.0180441  23.2315
0.0178064  23.1994
0.0175719  23.2553
0.0173405  23.3155
0.0171121  23.2863
0.0168868  23.2999
0.0166644  23.3217
0.0164449  23.1734
0.0162283  23.231
0.0160146  23.1661
0.0158037  23.1761
0.0155956  23.183
0.0153902  23.1771
0.0151875  23.1211
0.0149875  23.1289
0.0147901  23.1275
0.0145953  23.1398
0.0144031  23.1758
0.0142134  23.2197
0.0140262  23.1323
0.0138415  22.9267
0.0136592  22.81
0.0134793  22.7352
0.0133018  22.705
0.0131266  22.6767
0.0129538  22.6943
0.0127832  22.7185
0.0126148  22.7546
0.0124487  22.7244
0.0122847  22.7121
0.0121229  22.6256
0.0119633  22.7009
0.0118057  22.8158
0.0116503  22.7508
0.0114968  22.6911
0.0113454  22.7425
0.011196  22.6675
0.0110485  22.6356
0.010903  22.6332
0.0107594  22.6065
0.0106177  22.4871
0.0104779  22.5153
0.0103399  22.5478
0.0102037  22.5522
0.0100694  22.5397
0.00993676  22.5
0.00980589  22.538
0.00967675  22.4792
0.00954931  22.5367
0.00942355  22.5812
0.00929944  22.5119
0.00917697  22.5058
0.00905611  22.52
0.00893685  22.4968
0.00881915  22.513
0.008703  22.4855
0.00858839  22.4882
0.00847528  22.4907
0.00836366  22.4969
0.00825351  22.4601
0.00814482  22.419
0.00803755  22.4424
0.0079317  22.4423
0.00782724  22.4102
0.00772416  22.4398
0.00762243  22.4562
0.00752205  22.4711
0.00742298  22.4799
0.00732523  22.3366
0.00722875  22.3399
0.00713355  22.3889
0.00703961  22.3842
0.0069469  22.3954
0.00685541  22.4239
0.00676512  22.3639
0.00667603  22.3361
0.00658811  22.3348
0.00650134  22.2791
0.00641572  22.2662
0.00633123  22.2944
0.00624785  22.262
0.00616556  22.2955
0.00608436  22.3196
0.00600423  22.337
0.00592516  22.3094
0.00584713  22.2857
0.00577012  22.2882
0.00569413  22.2722
0.00561914  22.2039
0.00554514  22.1888
0.00547211  22.1676
0.00540004  22.2292
0.00532893  22.2389
0.00525874  22.2339
0.00518949  22.2278
0.00512114  22.2195
0.0050537  22.1864
0.00498714  22.1811
0.00492146  22.184
0.00485665  22.1992
0.00479269  22.1632
0.00472957  22.1259
0.00466728  22.1401
0.00460582  22.1305
0.00454516  22.1412
0.0044853  22.13
0.00442623  22.1261
0.00436794  22.1397
0.00431041  22.1337
0.00425365  22.125
0.00419763  22.1137
0.00414234  22.1402
0.00408779  22.0977
0.00403396  22.0933
0.00398083  22.0874
0.0039284  22.0917
0.00387667  22.1032
0.00382561  22.0988
0.00377523  22.1012
0.00372551  22.0926
0.00367645  22.0994
0.00362803  22.1004
0.00358025  22.0772
0.0035331  22.0762
0.00348657  22.1061
0.00344065  22.0963
0.00339534  22.0838
0.00335062  22.0833
0.00330649  22.0863
0.00326295  22.0827
0.00321998  22.073
0.00317757  22.0775
0.00313572  22.0219
0.00309443  22.0179
0.00305367  22.0024
0.00301346  21.9888
0.00297377  22.0106
0.00293461  21.9103
0.00289596  21.9226
0.00285782  21.9415
0.00282018  21.9182
0.00278304  21.9135
0.00274639  21.896
0.00271022  21.9255
0.00267453  21.9187
0.0026393  21.9198
0.00260454  21.9239
0.00257024  21.9123
0.00253639  21.9039
0.00250299  21.9219
0.00247003  21.906
0.0024375  21.9114
0.0024054  21.9245
0.00237372  21.9191
0.00234246  21.9007
0.00231161  21.9118
0.00228116  21.9048
0.00225112  21.9231
0.00222147  21.916
0.00219222  21.9161
0.00216335  21.9037
0.00213486  21.9046
0.00210674  21.9064
0.00207899  21.9049
0.00205161  21.9081
0.0020246  21.9103
0.00199793  21.9172
0.00197162  21.911
0.00194565  21.9017
0.00192003  21.884
0.00189474  21.887
0.00186979  21.8814
0.00184517  21.8786
0.00182087  21.8884
0.00179689  21.8837
0.00177322  21.8863
0.00174987  21.8887
0.00172682  21.8871
0.00170408  21.8774
0.00168164  21.8773
0.00165949  21.8852
0.00163764  21.8936
0.00161607  21.8852
0.00159479  21.8805
0.00157378  21.8759
0.00155306  21.8841
0.0015326  21.8711
0.00151242  21.8732
0.0014925  21.8784
0.00147284  21.8791
0.00145345  21.8753
0.00143431  21.87
0.00141542  21.8724
0.00139678  21.8748
0.00137838  21.8783
0.00136023  21.8705
0.00134231  21.8685
0.00132464  21.8648
0.00130719  21.8576
0.00128998  21.8501
0.00127299  21.8558
0.00125622  21.8528
0.00123968  21.8491
0.00122335  21.8479
0.00120724  21.8503
0.00119134  21.8466
0.00117565  21.8498
0.00116017  21.8447
0.00114489  21.8424
0.00112981  21.8507
0.00111493  21.8509
0.00110025  21.8555
0.00108576  21.8441
0.00107146  21.837
0.00105735  21.8411
0.00104342  21.8341
0.00102968  21.8317
0.00101612  21.8331
0.00100274  21.8288
0.000989533  21.8251
0.000976501  21.826
0.000963641  21.8248
0.00095095  21.8245
0.000938426  21.8204
0.000926068  21.8218
0.000913872  21.8228
0.000901836  21.8224
0.000889959  21.8193
0.000878238  21.8209
0.000866672  21.8227
0.000855258  21.8158
0.000843995  21.8134
0.00083288  21.8121
0.000821911  21.8097
0.000811086  21.8046
0.000800405  21.8072
0.000789864  21.8082
0.000779461  21.8191
0.000769196  21.8196
0.000759066  21.8139
0.000749069  21.8127
0.000739204  21.8129
0.000729469  21.8155
0.000719862  21.8123
0.000710382  21.8092
0.000701026  21.8051
0.000691794  21.8079
0.000682683  21.8078
0.000673692  21.8047
0.00066482  21.8094
0.000656064  21.8064
0.000647424  21.8046
0.000638898  21.8021
0.000630483  21.8014
0.00062218  21.8013
0.000613986  21.8007
0.0006059  21.8017
0.000597921  21.8064
0.000590046  21.8031
0.000582275  21.7915
0.000574607  21.7936
0.000567039  21.7872
0.000559572  21.7861
0.000552202  21.7818
0.00054493  21.7822
0.000537753  21.7819
0.000530671  21.7822
0.000523682  21.7838
0.000516786  21.7836
0.00050998  21.7804
0.000503263  21.7806
0.000496635  21.7836
0.000490095  21.7824
0.00048364  21.7804
0.000477271  21.7777
0.000470985  21.777
0.000464783  21.7784
0.000458662  21.7783
0.000452621  21.7788
0.00044666  21.7787
0.000440778  21.7652
0.000434973  21.7674
0.000429244  21.7667
0.000423591  21.7661
0.000418013  21.7669
0.000412508  21.767
0.000407075  21.7653
0.000401714  21.763
0.000396423  21.7614
0.000391203  21.7604
0.000386051  21.7613
0.000380966  21.7591
0.000375949  21.7579
0.000370998  21.7568
0.000366112  21.7568
0.00036129  21.7567
0.000356532  21.7592
0.000351837  21.7593
0.000347203  21.7599
0.000342631  21.7593
0.000338118  21.7588
0.000333665  21.7596
0.000329271  21.7561
0.000324935  21.7551
0.000320655  21.7549
0.000316432  21.7542
0.000312265  21.7557
0.000308153  21.7538
0.000304094  21.7543
0.000300089  21.7549
0.000296137  21.755
0.000292237  21.755
0.000288389  21.7543
0.000284591  21.7533
0.000280843  21.754
0.000277144  21.754
0.000273494  21.7533
0.000269892  21.7547
0.000266338  21.7547
0.00026283  21.7544
0.000259369  21.7522
0.000255953  21.7535
0.000252582  21.7531
0.000249256  21.7544
0.000245973  21.7542
0.000242734  21.7545
0.000239537  21.7524
0.000236382  21.7522
0.000233269  21.752
0.000230197  21.7518
0.000227165  21.7514
0.000224174  21.7522
0.000221221  21.7519
0.000218308  21.7518
0.000215433  21.7515
0.000212596  21.7501
0.000209796  21.7498
0.000207033  21.75
0.000204306  21.7503
0.000201616  21.7506
0.00019896  21.7517
0.00019634  21.7507
0.000193754  21.7503
0.000191203  21.7504
0.000188685  21.7493
0.0001862  21.7499
0.000183747  21.7499
0.000181328  21.7498
0.000178939  21.749
0.000176583  21.7488
0.000174257  21.7489
0.000171962  21.7507
0.000169698  21.7513
0.000167463  21.7499
0.000165257  21.7492
0.000163081  21.7479
0.000160933  21.7485
0.000158814  21.7486
0.000156722  21.7485
0.000154658  21.7472
0.000152621  21.7455
0.000150611  21.7454
0.000148628  21.7448
0.000146671  21.7445
0.000144739  21.7442
0.000142833  21.7434
0.000140952  21.7436
0.000139095  21.7434
0.000137264  21.7434
0.000135456  21.7429
0.000133672  21.7422
0.000131911  21.7419
0.000130174  21.7419
0.00012846  21.7417
0.000126768  21.7416
0.000125099  21.7417
0.000123451  21.7414
0.000121825  21.7414
0.000120221  21.7414
0.000118638  21.7414
0.000117075  21.7419
0.000115533  21.7412
0.000114012  21.7406
0.00011251  21.7407
0.000111028  21.7394
0.000109566  21.7393
0.000108123  21.7394
0.000106699  21.7393
0.000105294  21.7393
0.000103907  21.7393
0.000102539  21.7393
0.000101189  21.7393
9.98559e-05  21.7399
9.85408e-05  21.7399
9.72431e-05  21.7398
9.59624e-05  21.7397
9.46986e-05  21.7399
9.34515e-05  21.7396
9.22207e-05  21.7396
9.10062e-05  21.7395
8.98077e-05  21.7397
8.86249e-05  21.7397
8.74577e-05  21.74
8.63059e-05  21.7399
8.51693e-05  21.7399
8.40477e-05  21.7398
8.29408e-05  21.7399
8.18485e-05  21.7394
8.07705e-05  21.7394
7.97068e-05  21.7394
7.86571e-05  21.7395
7.76212e-05  21.7395
7.65989e-05  21.7393
7.55901e-05  21.7393
7.45946e-05  21.7393
7.36123e-05  21.7396
7.26428e-05  21.7397
7.16861e-05  21.7397
7.0742e-05  21.7394
6.98104e-05  21.7392
6.8891e-05  21.7394
6.79837e-05  21.7394
6.70884e-05  21.7394
6.62048e-05  21.7394
6.53329e-05  21.7394
6.44725e-05  21.7394
6.36234e-05  21.7395
6.27855e-05  21.7394
6.19586e-05  21.7394
6.11427e-05  21.7389
6.03374e-05  21.7389
5.95428e-05  21.7388
5.87586e-05  21.7388
5.79848e-05  21.7388
32.3111  188.432
31.8856  168.749
31.4657  159.021
31.0513  145.923
30.6423  178.814
30.2388  159.673
29.8406  152.219
29.4476  144.934
29.0597  163.731
28.677  154.779
28.2994  160.673
27.9267  158.592
27.5589  155.111
27.1959  146.247
26.8378  152.273
26.4843  153.614
26.1355  159.665
25.7913  133.591
25.4517  140.856
25.1165  136.882
24.7857  176.365
24.4593  177.238
24.1372  175.823
23.8193  130.265
23.5056  161.444
23.196  152.578
22.8905  147.379
22.5891  159.647
22.2916  160.105
21.998  145.666
21.7083  128.759
21.4224  149.471
21.1403  126.862
20.8619  152.637
20.5871  143.337
20.316  145.651
20.0484  125.592
19.7844  142.342
19.5238  199.668
19.2667  130.839
19.013  163.357
18.7626  144.928
18.5155  149.68
18.2716  120.387
18.031  161.357
17.7935  141.233
17.5592  152.649
17.328  139.494
17.0997  159.365
16.8745  151.594
16.6523  172.76
16.433  135.11
16.2166  144.654
16.003  155.743
15.7923  170.131
15.5843  148.012
15.379  165.402
15.1765  150.583
14.9766  160.933
14.7794  160.283
14.5848  150.447
14.3927  175.455
14.2031  163.741
14.0161  161.13
13.8315  128.035
13.6493  164.405
13.4696  149.997
13.2922  145.074
13.1171  159.892
12.9444  155.04
12.7739  142.554
12.6057  133.676
12.4397  172.193
12.2758  127.064
12.1142  142.465
11.9546  148.689
11.7972  147.413
11.6418  133.308
11.4885  135.019
11.3372  158.026
11.1879  131.248
11.0405  137.132
10.8951  151.914
10.7517  124.626
10.6101  139.888
10.4703  152.547
10.3324  128.515
10.1964  153.231
10.0621  131.101
9.92956  135.086
9.79879  135.048
9.66974  127.15
9.5424  161.708
9.41673  135.093
9.29271  140.138
9.17033  147.318
9.04955  137.145
8.93037  127.574
8.81276  132.145
8.6967  125.976
8.58217  138.553
8.46914  147.783
8.35761  144.796
8.24754  121.34
8.13892  120.186
8.03173  125.556
7.92596  120.402
7.82157  171.729
7.71857  139.345
7.61691  120.433
7.5166  138.344
7.41761  134.688
7.31992  147.294
7.22352  142.374
7.12839  171.906
7.03451  124.995
6.94187  121.115
6.85044  120.541
6.76022  117.111
6.67119  151.314
6.58334  133.271
6.49663  130.384
6.41108  148.091
6.32664  147.655
6.24332  133.032
6.1611  134.421
6.07996  152.974
5.99989  126.729
5.92087  140.925
5.84289  131.999
5.76594  113.186
5.69001  140.139
5.61507  134.522
5.54112  123.479
5.46815  148.481
5.39613  111.058
5.32507  122.915
5.25494  152.727
5.18573  127.375
5.11744  159.887
5.05004  125.553
4.98353  138.827
4.9179  156.673
4.85313  120.575
4.78922  106.005
4.72615  133.662
4.6639  115.897
4.60248  102.261
4.54187  103.976
4.48205  113.522
4.42303  106.594
4.36478  125.767
4.30729  128.652
4.25057  113.282
4.19459  110.77
4.13935  120.244
4.08483  117.579
4.03103  123.065
3.97795  133.765
3.92556  106.048
3.87386  126.541
3.82284  116.75
3.7725  130.837
3.72281  118.95
3.67378  114.93
3.6254  121.414
3.57766  130.035
3.53054  108.753
3.48404  108.686
3.43816  111.937
3.39288  102.822
3.3482  113.689
3.3041  118.484
3.26059  114.798
3.21764  116.915
3.17527  120.548
3.13345  113.981
3.09218  95.3214
3.05146  112.261
3.01127  112.074
2.97162  90.6282
2.93248  108.52
2.89386  114.485
2.85575  108.366
2.81814  114.981
2.78103  117.674
2.7444  101.561
2.70826  120.088
2.67259  104.944
2.63739  114.09
2.60266  105.242
2.56838  109.242
2.53456  116.987
2.50118  108.952
2.46824  87.0507
2.43573  100.918
2.40365  108.442
2.372  101.221
2.34076  93.9072
2.30993  84.6489
2.27951  103.043
2.24949  106.953
2.21987  114.356
2.19063  105.151
2.16178  104.889
2.13331  102.844
2.10521  87.9993
2.07749  97.2654
2.05013  107.25
2.02313  101.989
1.99649  90.3056
1.97019  86.1906
1.94425  97.6405
1.91864  85.9599
1.89337  101.717
1.86844  89.946
1.84383  90.8145
1.81955  92.3964
1.79558  90.8455
1.77194  87.1119
1.7486  94.9073
1.72557  78.0874
1.70285  93.0638
1.68042  93.3044
1.65829  80.7078
1.63645  91.7541
1.6149  98.0477
1.59363  81.3591
1.57264  96.9301
1.55193  92.8777
1.53149  90.7903
1.51132  80.4809
1.49142  85.3998
1.47178  82.509
1.4524  82.5342
1.43327  101.679
1.41439  84.6302
1.39577  86.0003
1.37738  96.4351
1.35924  86.8528
1.34134  77.3818
1.32368  79.9557
1.30624  79.2948
1.28904  79.102
1.27207  89.1529
1.25531  71.4176
1.23878  83.7363
1.22247  66.2489
1.20637  85.3841
1.19048  83.4327
1.1748  91.5681
1.15933  86.2664
1.14406  77.5294
1.12899  76.6671
1.11412  81.2124
1.09945  73.8068
1.08497  68.2613
1.07068  78.8163
1.05658  77.0599
1.04267  79.7001
1.02894  87.5823
1.01539  75.8275
1.00201  80.0339
0.988817  67.5049
0.975794  86.9205
0.962943  68.6363
0.950262  73.5118
0.937747  73.9075
0.925397  70.7487
0.91321  84.1643
0.901183  69.4339
0.889315  68.8145
0.877603  72.1618
0.866045  62.407
0.854639  68.3723
0.843384  72.7124
0.832277  73.682
0.821316  69.0841
0.810499  72.6528
0.799825  70.289
0.789292  77.3511
0.778897  65.6392
0.768639  64.6184
0.758516  74.4899
0.748527  69.8974
0.738669  65.9244
0.728941  63.1568
0.719341  69.6929
0.709867  60.4099
0.700518  63.971
0.691293  56.4836
0.682189  58.5774
0.673204  66.6409
0.664338  65.5563
0.655589  65.2163
0.646955  69.1138
0.638435  66.4876
0.630027  62.8432
0.62173  62.6488
0.613542  59.7308
0.605461  61.4114
0.597488  57.0784
0.589619  55.9594
0.581854  58.3951
0.574191  64.2538
0.566629  57.5082
0.559166  58.8573
0.551802  53.5661
0.544535  61.1814
0.537364  59.6147
0.530287  53.9799
0.523303  53.9531
0.516411  54.2237
0.50961  59.0691
0.502899  50.682
0.496276  47.3784
0.48974  47.7852
0.48329  53.3017
0.476925  54.5005
0.470644  53.5833
0.464446  50.4672
0.45833  49.9465
0.452293  52.3699
0.446337  50.8165
0.440459  51.4912
0.434658  56.0211
0.428934  59.0151
0.423285  55.2077
0.41771  55.9024
0.412209  55.7133
0.40678  53.5709
0.401423  52.3398
0.396136  57.2536
0.390919  52.4454
0.385771  48.3907
0.380691  48.1905
0.375677  50.673
0.370729  49.7211
0.365847  46.8058
0.361029  47.2951
0.356274  44.3026
0.351582  44.3228
0.346952  45.0508
0.342383  42.4216
0.337874  44.9046
0.333424  43.3384
0.329033  45.1885
0.324699  44.8615
0.320423  45.2404
0.316203  44.7384
0.312039  44.6138
0.307929  41.9885
0.303874  40.147
0.299872  38.0953
0.295923  41.2932
0.292026  42.8785
0.28818  38.5293
0.284385  38.7699
0.280639  42.0573
0.276943  39.1988
0.273296  39.4483
0.269697  39.5012
0.266145  40.2878
0.26264  38.9359
0.259181  41.9531
0.255768  41.2726
0.252399  40.1067
0.249075  39.9707
0.245795  38.004
0.242558  41.1221
0.239363  37.8177
0.236211  38.0667
0.2331  38.6969
0.23003  35.8915
0.227001  36.4984
0.224011  37.0874
0.221061  36.4782
0.21815  36.5367
0.215277  37.6107
0.212442  37.8122
0.209644  38.7989
0.206883  37.6313
0.204158  38.2584
0.20147  38.1119
0.198816  36.5195
0.196198  35.1817
0.193614  34.5957
0.191064  34.8894
0.188548  36.4173
0.186065  36.7408
0.183614  33.8582
0.181196  35.6463
0.17881  32.5486
0.176455  32.2014
0.174131  33.6833
0.171838  34.466
0.169575  33.6105
0.167342  33.1091
0.165138  31.7243
0.162963  30.795
0.160817  30.8324
0.158699  30.6954
0.156609  31.5106
0.154546  31.1799
0.152511  30.5748
0.150502  30.3938
0.14852  30.0033
0.146564  29.8436
0.144634  30.9668
0.142729  29.2432
0.14085  29.7017
0.138995  29.9641
0.137164  29.9577
0.135358  29.5734
0.133575  29.6524
0.131816  30.0511
0.13008  29.8857
0.128367  29.5976
0.126676  28.2823
0.125008  28.1673
0.123362  28.8491
0.121737  28.9622
0.120134  30.246
0.118552  29.077
0.11699  28.4717
0.11545  28.5441
0.113929  28.8727
0.112429  28.683
0.110948  29.7283
0.109487  28.9898
0.108045  29.5954
0.106622  29.2818
0.105218  29.277
0.103832  29.8578
0.102465  28.6778
0.101115  29.1514
0.0997836  29.0661
0.0984695  28.6702
0.0971726  29.0417
0.0958929  28.6574
0.09463  29.2122
0.0933838  28.2154
0.0921539  29.2302
0.0909403  28.7983
0.0897426  29.1896
0.0885607  28.9578
0.0873944  28.5259
0.0862434  28.1623
0.0851076  28.2065
0.0839868  27.7749
0.0828807  27.4266
0.0817892  27.7269
0.080712  27.1994
0.0796491  27.3742
0.0786001  27.1914
0.077565  27.5865
0.0765435  26.954
0.0755354  26.7422
0.0745406  27.3252
0.0735589  27.4865
0.0725902  27.818
0.0716342  27.554
0.0706908  27.7386
0.0697598  27.743
0.0688411  27.0806
0.0679344  27.3926
0.0670398  27.0362
0.0661569  26.825
0.0652856  26.7863
0.0644258  26.8127
0.0635773  27.0664
0.06274  26.8983
0.0619138  27.1943
0.0610984  27.3834
0.0602937  27.0254
0.0594997  26.5711
0.0587161  26.8194
0.0579428  26.636
0.0571797  26.6047
0.0564267  26.3948
0.0556835  26.1243
0.0549502  26.3301
0.0542265  26.1138
0.0535124  26.202
0.0528076  26.3028
0.0521122  26.0378
0.0514258  25.7086
0.0507486  25.4824
0.0500802  25.406
0.0494207  25.9044
0.0487698  25.8443
0.0481275  25.699
0.0474937  25.7748
0.0468682  25.6708
0.046251  25.6785
0.0456419  25.3305
0.0450408  25.8426
0.0444476  25.6066
0.0438622  25.472
0.0432846  25.2815
0.0427145  25.4787
0.042152  24.8022
0.0415969  24.8664
0.041049  24.8412
0.0405084  24.6933
0.0399749  24.7533
0.0394485  24.8634
0.038929  24.8874
0.0384163  25.0447
0.0379103  25.0225
0.0374111  24.9823
0.0369184  25.2497
0.0364322  25.1353
0.0359524  25.0285
0.0354789  25.0142
0.0350116  25.1099
0.0345505  25.167
0.0340955  24.7842
0.0336465  24.3703
0.0332034  24.4738
0.0327661  24.3479
0.0323346  24.6236
0.0319087  24.3112
0.0314885  24.2572
0.0310738  24.2267
0.0306646  24.1065
0.0302607  24.0741
0.0298622  23.9615
0.0294689  24.122
0.0290808  23.9032
0.0286978  23.5375
0.0283199  23.6776
0.0279469  23.8013
0.0275789  23.6846
0.0272157  23.565
0.0268572  23.7217
0.0265035  23.7786
0.0261545  23.7023
0.02581  23.658
0.0254701  23.7057
0.0251347  23.8187
0.0248037  23.7813
0.024477  23.6758
0.0241547  23.7834
0.0238365  23.6774
0.0235226  23.6891
0.0232128  23.9222
0.0229071  23.7019
0.0226054  23.8311
0.0223077  23.8911
0.0220139  23.7147
0.021724  23.6016
0.0214379  23.547
0.0211556  23.4333
0.020877  23.4519
0.020602  23.509
0.0203307  23.6067
0.020063  23.6066
0.0197987  23.5209
0.019538  23.5822
0.0192807  23.5043
0.0190268  23.4178
0.0187762  23.4865
0.0185289  23.5987
0.0182849  23.6165
0.0180441  23.5418
0.0178064  23.4186
0.0175719  23.4488
0.0173405  23.55
0.0171121  23.5988
0.0168868  23.6238
0.0166644  23.3367
0.0164449  23.3411
0.0162283  23.4249
0.0160146  23.2697
0.0158037  23.3092
0.0155956  23.3684
0.0153902  23.3356
0.0151875  23.2564
0.0149875  22.8954
0.0147901  22.9652
0.0145953  22.6829
0.0144031  22.8318
0.0142134  22.7594
0.0140262  22.5807
0.0138415  22.628
0.0136592  22.5412
0.0134793  22.5174
0.0133018  22.5567
0.0131266  22.5499
0.0129538  22.406
0.0127832  22.5119
0.0126148  22.476
0.0124487  22.434
0.0122847  22.3261
0.0121229  22.3384
0.0119633  22.3398
0.0118057  22.2797
0.0116503  22.2557
0.0114968  22.2614
0.0113454  22.1944
0.011196  22.1825
0.0110485  22.2018
0.010903  22.233
0.0107594  22.2458
0.0106177  22.1739
0.0104779  22.2051
0.0103399  22.2806
0.0102037  22.2131
0.0100694  22.1832
0.00993676  22.1605
0.00980589  22.1672
0.00967675  22.1471
0.00954931  22.1599
0.00942355  22.1496
0.00929944  22.0988
0.00917697  22.0283
0.00905611  22.0358
0.00893685  22.0631
0.00881915  22.145
0.008703  22.0913
0.00858839  22.0278
0.00847528  22.0264
0.00836366  22.0661
0.00825351  22.0522
0.00814482  22.0499
0.00803755  22.0448
0.0079317  21.9713
0.00782724  21.966
0.00772416  21.9379
0.00762243  21.9422
0.00752205  21.9132
0.00742298  21.9062
0.00732523  21.9742
0.00722875  21.9189
0.00713355  21.9392
0.00703961  21.926
0.0069469  22.0089
0.00685541  21.9534
0.00676512  21.954
0.00667603  21.9504
0.00658811  21.9647
0.00650134  21.9923
0.00641572  21.978
0.00633123  21.9194
0.00624785  21.9091
0.00616556  21.9114
0.00608436  21.9127
0.00600423  21.8791
0.00592516  21.8319
0.00584713  21.8466
0.00577012  21.7908
0.00569413  21.8123
0.00561914  21.7811
0.00554514  21.7835
0.00547211  21.8281
0.00540004  21.8318
0.00532893  21.802
0.00525874  21.731
0.00518949  21.6973
0.00512114  21.7027
0.0050537  21.6496
0.00498714  21.6279
0.00492146  21.6345
0.00485665  21.6731
0.00479269  21.5927
0.00472957  21.5719
0.00466728  21.5472
0.00460582  21.561
0.00454516  21.5323
0.0044853  21.5209
0.00442623  21.5207
0.00436794  21.5368
0.00431041  21.5639
0.00425365  21.5258
0.00419763  21.5225
0.00414234  21.5235
0.00408779  21.5418
0.00403396  21.5382
0.00398083  21.5155
0.0039284  21.5326
0.00387667  21.5351
0.00382561  21.5462
0.00377523  21.5541
0.00372551  21.5132
0.00367645  21.5376
0.00362803  21.5334
0.00358025  21.5424
0.0035331  21.5391
0.00348657  21.551
0.00344065  21.5233
0.00339534  21.534
0.00335062  21.5535
0.00330649  21.5389
0.00326295  21.5376
0.00321998  21.5313
0.00317757  21.5446
0.00313572  21.541
0.00309443  21.5164
0.00305367  21.5104
0.00301346  21.4987
0.00297377  21.5093
0.00293461  21.4985
0.00289596  21.5297
0.00285782  21.5709
0.00282018  21.5342
0.00278304  21.5422
0.00274639  21.5273
0.00271022  21.5329
0.00267453  21.5287
0.0026393  21.4981
0.00260454  21.5048
0.00257024  21.5153
0.00253639  21.4884
0.00250299  21.4712
0.00247003  21.504
0.0024375  21.4785
0.0024054  21.4899
0.00237372  21.5265
0.00234246  21.5136
0.00231161  21.4907
0.00228116  21.496
0.00225112  21.4923
0.00222147  21.4973
0.00219222  21.4851
0.00216335  21.4712
0.00213486  21.4842
0.00210674  21.4981
0.00207899  21.4737
0.00205161  21.4738
0.0020246  21.4741
0.00199793  21.4693
0.00197162  21.4596
0.00194565  21.4524
0.00192003  21.4467
0.00189474  21.4481
0.00186979  21.4439
0.00184517  21.4443
0.00182087  21.4614
0.00179689  21.4581
0.00177322  21.4581
0.00174987  21.4476
0.00172682  21.4474
0.00170408  21.4529
0.00168164  21.4291
0.00165949  21.4378
0.00163764  21.4276
0.00161607  21.4324
0.00159479  21.4253
0.00157378  21.4325
0.00155306  21.4194
0.0015326  21.4117
0.00151242  21.4119
0.0014925  21.4181
0.00147284  21.4156
0.00145345  21.4136
0.00143431  21.4026
0.00141542  21.4021
0.00139678  21.4079
0.00137838  21.4077
0.00136023  21.4125
0.00134231  21.4017
0.00132464  21.401
0.00130719  21.407
0.00128998  21.402
0.00127299  21.3972
0.00125622  21.4065
0.00123968  21.3982
0.00122335  21.3993
0.00120724  21.4064
0.00119134  21.4079
0.00117565  21.4011
0.00116017  21.4075
0.00114489  21.3997
0.00112981  21.3984
0.00111493  21.3946
0.00110025  21.4057
0.00108576  21.3926
0.00107146  21.3937
0.00105735  21.3918
0.00104342  21.3904
0.00102968  21.3916
0.00101612  21.3937
0.00100274  21.3822
0.000989533  21.3801
0.000976501  21.3832
0.000963641  21.3817
0.00095095  21.3831
0.000938426  21.3837
0.000926068  21.3775
0.000913872  21.3759
0.000901836  21.3751
0.000889959  21.3668
0.000878238  21.3735
0.000866672  21.3716
0.000855258  21.3731
0.000843995  21.3641
0.00083288  21.3629
0.000821911  21.3654
0.000811086  21.364
0.000800405  21.3664
0.000789864  21.3638
0.000779461  21.3656
0.000769196  21.3677
0.000759066  21.3645
0.000749069  21.371
0.000739204  21.3687
0.000729469  21.3659
0.000719862  21.3653
0.000710382  21.36
0.000701026  21.361
0.000691794  21.3628
0.000682683  21.3631
0.000673692  21.3614
0.00066482  21.363
0.000656064  21.3628
0.000647424  21.355
0.000638898  21.3526
0.000630483  21.352
0.00062218  21.3552
0.000613986  21.3561
0.0006059  21.3594
0.000597921  21.3586
0.000590046  21.3577
0.000582275  21.3547
0.000574607  21.3558
0.000567039  21.3519
0.000559572  21.352
0.000552202  21.3515
0.00054493  21.3517
0.000537753  21.3544
0.000530671  21.3545
0.000523682  21.3506
0.000516786  21.3507
0.00050998  21.3494
0.000503263  21.3523
0.000496635  21.353
0.000490095  21.3526
0.00048364  21.3513
0.000477271  21.3513
0.000470985  21.3547
0.000464783  21.3511
0.000458662  21.3534
0.000452621  21.3516
0.00044666  21.3523
0.000440778  21.3516
0.000434973  21.3514
0.000429244  21.3527
0.000423591  21.3498
0.000418013  21.3518
0.000412508  21.3519
0.000407075  21.3516
0.000401714  21.3502
0.000396423  21.3499
0.000391203  21.3484
0.000386051  21.3497
0.000380966  21.3503
0.000375949  21.348
0.000370998  21.3464
0.000366112  21.3478
0.00036129  21.3456
0.000356532  21.3467
0.000351837  21.3476
0.000347203  21.3457
0.000342631  21.3427
0.000338118  21.3418
0.000333665  21.3406
0.000329271  21.3388
0.000324935  21.3405
0.000320655  21.3412
0.000316432  21.343
0.000312265  21.3426
0.000308153  21.343
0.000304094  21.3439
0.000300089  21.3435
0.000296137  21.3421
0.000292237  21.3426
0.000288389  21.3415
0.000284591  21.3402
0.000280843  21.3399
0.000277144  21.3391
0.000273494  21.3385
0.000269892  21.3383
0.000266338  21.3397
0.00026283  21.3378
0.000259369  21.3381
0.000255953  21.3388
0.000252582  21.3385
0.000249256  21.3389
0.000245973  21.3386
0.000242734  21.3367
0.000239537  21.3363
0.000236382  21.337
0.000233269  21.3358
0.000230197  21.3373
0.000227165  21.3383
0.000224174  21.3391
0.000221221  21.339
0.000218308  21.3373
0.000215433  21.3371
0.000212596  21.3361
0.000209796  21.3361
0.000207033  21.3354
0.000204306  21.3347
0.000201616  21.3344
0.00019896  21.334
0.00019634  21.334
0.000193754  21.333
0.000191203  21.3333
0.000188685  21.3329
0.0001862  21.3332
0.000183747  21.3333
0.000181328  21.333
0.000178939  21.3329
0.000176583  21.3335
0.000174257  21.3335
0.000171962  21.3335
0.000169698  21.3342
0.000167463  21.3333
0.000165257  21.3327
0.000163081  21.3336
0.000160933  21.3331
0.000158814  21.3336
0.000156722  21.3329
0.000154658  21.3324
0.000152621  21.3318
0.000150611  21.3323
0.000148628  21.333
0.000146671  21.3324
0.000144739  21.3326
0.000142833  21.332
0.000140952  21.3323
0.000139095  21.3308
0.000137264  21.3302
0.000135456  21.3301
0.000133672  21.3292
0.000131911  21.3298
0.000130174  21.3299
0.00012846  21.3298
0.000126768  21.3304
0.000125099  21.3296
0.000123451  21.3297
0.000121825  21.3295
0.000120221  21.3301
0.000118638  21.3294
0.000117075  21.3293
0.000115533  21.3299
0.000114012  21.33
0.00011251  21.3297
0.000111028  21.3299
0.000109566  21.3296
0.000108123  21.3295
0.000106699  21.3299
0.000105294  21.3297
0.000103907  21.3292
0.000102539  21.329
0.000101189  21.3287
9.98559e-05  21.3286
9.85408e-05  21.3284
9.72431e-05  21.3285
9.59624e-05  21.3278
9.46986e-05  21.3274
9.34515e-05  21.3274
9.22207e-05  21.3272
9.10062e-05  21.3273
8.98077e-05  21.3275
8.86249e-05  21.3279
8.74577e-05  21.3276
8.63059e-05  21.3276
8.51693e-05  21.3275
8.40477e-05  21.3277
8.29408e-05  21.3278
8.18485e-05  21.3278
8.07705e-05  21.3276
7.97068e-05  21.3273
7.86571e-05  21.3274
7.76212e-05  21.3273
7.65989e-05  21.3275
7.55901e-05  21.3275
7.45946e-05  21.3273
7.36123e-05  21.3273
7.26428e-05  21.3274
7.16861e-05  21.3273
7.0742e-05  21.3272
6.98104e-05  21.3274
6.8891e-05  21.3273
6.79837e-05  21.3275
6.70884e-05  21.3275
6.62048e-05  21.3269
6.53329e-05  21.3269
6.44725e-05  21.3269
6.36234e-05  21.3267
6.27855e-05  21.3268
6.19586e-05  21.3267
6.11427e-05  21.3268
6.03374e-05  21.327
5.95428e-05  21.3269
5.87586e-05  21.3269
5.79848e-05  21.3268
5.72212e-05  21.3268
5.64676e-05  21.3267
5.57239e-05  21.3266
5.499e-05  21.3258
5.42658e-05  21.3256
5.35512e-05  21.3256
5.28459e-05  21.3258
5.21499e-05  21.3257
5.14631e-05  21.3256
5.07854e-05  21.3256
5.01165e-05  21.3257
4.94565e-05  21.3255
4.88052e-05  21.3255
4.81624e-05  21.3254
4.75281e-05  21.3254
4.69022e-05  21.3256
4.62845e-05  21.3255
4.5675e-05  21.325
4.50734e-05  21.3251
4.44798e-05  21.325
4.3894e-05  21.325
4.3316e-05  21.3251
4.27455e-05  21.3252
4.21826e-05  21.3252
4.1627e-05  21.3253
4.10788e-05  21.3253
4.05378e-05  21.3253
4.00039e-05  21.3254
3.94771e-05  21.3254
3.89572e-05  21.3252
3.84441e-05  21.3252
3.79378e-05  21.3252
3.74382e-05  21.3252
3.69451e-05  21.3252
3.64586e-05  21.3252
3.59784e-05  21.3251
3.55046e-05  21.3251
3.5037e-05  21.325
3.45756e-05  21.3251
3.41202e-05  21.325
3.36709e-05  21.325
3.32274e-05  21.325
3.27898e-05  21.325
3.2358e-05  21.3251
3.19319e-05  21.3251
3.15113e-05  21.3251
3.10963e-05  21.3252
3.06868e-05  21.3253
3.02827e-05  21.3252
2.98838e-05  21.3251
2.94903e-05  21.3252
2.91019e-05  21.3252
2.87186e-05  21.325
2.83404e-05  21.325
2.79672e-05  21.325
2.75989e-05  21.325
2.72354e-05  21.325
2.68767e-05  21.325
2.65228e-05  21.325
2.61735e-05  21.3249
2.58288e-05  21.3249
2.54886e-05  21.3249
2.51529e-05  21.3249
2.48217e-05  21.3249
2.44948e-05  21.3248
2.41722e-05  21.3248
2.38538e-05  21.3248
2.35397e-05  21.3249
2.32297e-05  21.3249
2.29237e-05  21.3249
2.26218e-05  21.3249
2.23239e-05  21.3249
2.20299e-05  21.3249
2.17398e-05  21.3249
2.14535e-05  21.3249
2.11709e-05  21.3248
2.08921e-05  21.3248
2.0617e-05  21.3248
2.03455e-05  21.3249
2.00775e-05  21.3248
1.98131e-05  21.3248
1.95522e-05  21.3248
1.92947e-05  21.3248
1.90406e-05  21.3248
1.87898e-05  21.3248
1.85423e-05  21.3248
1.82981e-05  21.3248
1.80572e-05  21.3247
1.78194e-05  21.3247
1.75847e-05  21.3247
1.73531e-05  21.3247
1.71246e-05  21.3247
1.6899e-05  21.3247
1.66765e-05  21.3246
1.64569e-05  21.3246
1.62401e-05  21.3246
1.60262e-05  21.3246
1.58152e-05  21.3246
1.56069e-05  21.3246
1.54014e-05  21.3246
1.51985e-05  21.3246
1.49984e-05  21.3246
1.48008e-05  21.3246
1.46059e-05  21.3246
1.44136e-05  21.3246
1.42237e-05  21.3247
1.40364e-05  21.3246
1.38516e-05  21.3247
1.36691e-05  21.3246
1.34891e-05  21.3246
1.33115e-05  21.3246
1.31362e-05  21.3247
1.29632e-05  21.3247
1.27924e-05  21.3246
1.2624e-05  21.3246
1.24577e-05  21.3246
1.22936e-05  21.3246
1.21317e-05  21.3246
1.1972e-05  21.3245
1.18143e-05  21.3245
1.16587e-05  21.3245
1.15052e-05  21.3245
1.13536e-05  21.3245
1.12041e-05  21.3245
1.10566e-05  21.3244
1.0911e-05  21.3244
1.07673e-05  21.3244
1.06255e-05  21.3244
1.04855e-05  21.3244
1.03474e-05  21.3243
1.02112e-05  21.3243
1.00767e-05  21.3243
9.94397e-06  21.3243
9.81301e-06  21.3243
9.68378e-06  21.3243
9.55624e-06  21.3243
9.43039e-06  21.3243
9.30619e-06  21.3243
9.18363e-06  21.3243
9.06269e-06  21.3243
8.94333e-06  21.3243
8.82555e-06  21.3242
8.70932e-06  21.3242
8.59462e-06  21.3242
8.48143e-06  21.3242
8.36973e-06  21.3242
8.25951e-06  21.3242
8.15073e-06  21.3242
8.04339e-06  21.3242
7.93746e-06  21.3242
7.83292e-06  21.3242
7.72976e-06  21.3242
7.62797e-06  21.324
7.52751e-06  21.324
7.42837e-06  21.324
7.33054e-06  21.324
7.234e-06  21.324
7.13873e-06  21.324
7.04471e-06  21.3239
6.95194e-06  21.3239
6.86038e-06  21.3239
6.77003e-06  21.3239
6.68087e-06  21.3239
6.59289e-06  21.3239
6.50606e-06  21.3239
6.42038e-06  21.3239
6.33582e-06  21.3239
6.25238e-06  21.3239
6.17004e-06  21.3239
6.08878e-06  21.3239
6.00859e-06  21.3239
5.92946e-06  21.3239
5.85137e-06  21.3239
5.77431e-06  21.3239
5.69826e-06  21.3239
5.62322e-06  21.3239
5.54916e-06  21.3239
5.47608e-06  21.3239
5.40396e-06  21.3239
5.33279e-06  21.3239
5.26256e-06  21.3239
5.19326e-06  21.3239
5.12486e-06  21.3239
5.05737e-06  21.3239
4.99076e-06  21.3239
4.92504e-06  21.3239
4.86018e-06  21.3239
4.79617e-06  21.3239
4.733e-06  21.3239
4.67067e-06  21.3239
4.60916e-06  21.3239
4.54846e-06  21.3239
4.48856e-06  21.3239
4.42944e-06  21.3239
4.37111e-06  21.3239
4.31354e-06  21.3239
4.25673e-06  21.3239
4.20067e-06  21.3239
4.14535e-06  21.3239
4.09076e-06  21.3239
4.03688e-06  21.3239
3.98372e-06  21.3239
3.93125e-06  21.3239
3.87948e-06  21.3239
3.82839e-06  21.3239
3.77797e-06  21.3239
3.72821e-06  21.3239
3.67911e-06  21.3239
3.63066e-06  21.3239
3.58285e-06  21.3239
3.53566e-06  21.3239
3.4891e-06  21.3239
3.44315e-06  21.3239
3.3978e-06  21.3239
3.35305e-06  21.3238
3.30889e-06  21.3238
3.26532e-06  21.3238
3.22231e-06  21.3238
3.17988e-06  21.3238
3.138e-06  21.3238
3.09667e-06  21.3238
3.05589e-06  21.3238
3.01564e-06  21.3238
2.97593e-06  21.3238
2.93674e-06  21.3238
2.89806e-06  21.3238
2.85989e-06  21.3238
2.82223e-06  21.3238
2.78506e-06  21.3238
2.74838e-06  21.3238
2.71219e-06  21.3238
2.67647e-06  21.3238
2.64122e-06  21.3238
2.60643e-06  21.3238
2.57211e-06  21.3238
2.53823e-06  21.3238
2.50481e-06  21.3238
2.47182e-06  21.3238
2.43927e-06  21.3238
2.40714e-06  21.3238
2.37544e-06  21.3238
2.34416e-06  21.3238
2.31328e-06  21.3238
2.28282e-06  21.3238
2.25275e-06  21.3238
2.22309e-06  21.3238
2.19381e-06  21.3238
2.16492e-06  21.3238
2.1364e-06  21.3238
2.10827e-06  21.3238
2.0805e-06  21.3238
2.0531e-06  21.3238
2.02606e-06  21.3238
1.99938e-06  21.3238
1.97305e-06  21.3238
1.94707e-06  21.3238
1.92142e-06  21.3238
1.89612e-06  21.3238
1.87115e-06  21.3238
1.84651e-06  21.3238
1.82219e-06  21.3238
1.79819e-06  21.3238
1.77451e-06  21.3238
1.75114e-06  21.3238
1.72808e-06  21.3238
1.70532e-06  21.3238
1.68286e-06  21.3238
1.6607e-06  21.3238
1.63882e-06  21.3238
1.61724e-06  21.3238
1.59594e-06  21.3238
1.57492e-06  21.3238
1.55418e-06  21.3238
1.53372e-06  21.3238
1.51352e-06  21.3238
1.49358e-06  21.3238
1.47391e-06  21.3238
1.4545e-06  21.3238
1.43535e-06  21.3238
1.41644e-06  21.3238
1.39779e-06  21.3238
1.37938e-06  21.3238
1.36122e-06  21.3238
1.34329e-06  21.3238
1.3256e-06  21.3238
1.30814e-06  21.3238
1.29091e-06  21.3238
1.27391e-06  21.3238
1.25713e-06  21.3238
1.24058e-06  21.3238
1.22424e-06  21.3238
1.20812e-06  21.3238
1.19221e-06  21.3238
1.1765e-06  21.3238
1.16101e-06  21.3238
1.14572e-06  21.3238
1.13063e-06  21.3238
1.11574e-06  21.3238
1.10105e-06  21.3238
1.08655e-06  21.3238
1.07224e-06  21.3238
1.05812e-06  21.3238
1.04418e-06  21.3238
1.03043e-06  21.3238
1.01686e-06  21.3238
1.00347e-06  21.3238
9.90252e-07  21.3238
9.7721e-07  21.3238
9.64341e-07  21.3238
9.51641e-07  21.3238
9.39108e-07  21.3238
9.2674e-07  21.3238
9.14535e-07  21.3238
9.02491e-07  21.3238
8.90605e-07  21.3238
8.78876e-07  21.3238
8.67301e-07  21.3238
8.55879e-07  21.3238
8.44608e-07  21.3238
8.33484e-07  21.3238
8.22508e-07  21.3238
8.11675e-07  21.3238
8.00986e-07  21.3237
7.90437e-07  21.3237
7.80027e-07  21.3237
7.69754e-07  21.3237
7.59617e-07  21.3237
7.49613e-07  21.3237
7.39741e-07  21.3237
7.29998e-07  21.3237
7.20384e-07  21.3237
7.10897e-07  21.3237
7.01535e-07  21.3237
6.92296e-07  21.3237
6.83178e-07  21.3237
6.74181e-07  21.3237
6.65302e-07  21.3237
6.5654e-07  21.3237
6.47894e-07  21.3237
6.39361e-07  21.3237
6.30941e-07  21.3237
6.22632e-07  21.3237
6.14432e-07  21.3237
6.0634e-07  21.3237
5.98354e-07  21.3237
5.90474e-07  21.3237
5.82698e-07  21.3237
5.75024e-07  21.3237
5.67451e-07  21.3237
5.59978e-07  21.3237
5.52603e-07  21.3237
5.45325e-07  21.3237
5.38144e-07  21.3237
5.31056e-07  21.3237
5.24062e-07  21.3237
5.17161e-07  21.3237
5.1035e-07  21.3237
5.03629e-07  21.3237
4.96996e-07  21.3237
4.90451e-07  21.3237
4.83992e-07  21.3237
4.77617e-07  21.3237
4.71327e-07  21.3237
4.6512e-07  21.3237
4.58995e-07  21.3237
4.5295e-07  21.3237
4.46984e-07  21.3237
4.41098e-07  21.3237
4.35289e-07  21.3237
4.29556e-07  21.3237
4.23899e-07  21.3237
4.18316e-07  21.3237
4.12807e-07  21.3237
4.0737e-07  21.3237
4.02006e-07  21.3237
3.96711e-07  21.3237
3.91487e-07  21.3237
3.86331e-07  21.3237
3.81243e-07  21.3237
3.76222e-07  21.3237
3.71267e-07  21.3237
3.66378e-07  21.3237
3.61553e-07  21.3237
3.56791e-07  21.3237
3.52092e-07  21.3237
3.47455e-07  21.3237
3.42879e-07  21.3237
3.38364e-07  21.3237
3.33908e-07  21.3237
3.2951e-07  21.3237
3.25171e-07  21.3237
3.20888e-07  21.3237
3.16662e-07  21.3237
3.12492e-07  21.3237
3.08376e-07  21.3237
3.04315e-07  21.3237
3.00307e-07  21.3237
2.96352e-07  21.3237
2.92449e-07  21.3237
2.88598e-07  21.3237
2.84797e-07  21.3237
2.81046e-07  21.3237
2.77345e-07  21.3237
2.73693e-07  21.3237
2.70088e-07  21.3237
2.66531e-07  21.3237
2.63021e-07  21.3237
2.59557e-07  21.3237
2.56139e-07  21.3237
2.52765e-07  21.3237
2.49437e-07  21.3237
2.46152e-07  21.3237
2.4291e-07  21.3234
2.39711e-07  21.3234
2.36554e-07  21.3234
2.33438e-07  21.3234
2.30364e-07  21.3234
2.2733e-07  21.3234
2.24336e-07  21.3234
2.21382e-07  21.3234
2.18466e-07  21.3234
2.15589e-07  21.3234
2.1275e-07  21.3234
2.09948e-07  21.3234
2.07183e-07  21.3234
2.04455e-07  21.3234
2.01762e-07  21.3234
1.99105e-07  21.3234
1.96483e-07  21.3234
1.93895e-07  21.3234
1.91341e-07  21.3234
1.88822e-07  21.3234
1.86335e-07  21.3234
1.83881e-07  21.3234
1.81459e-07  21.3234
1.79069e-07  21.3234
1.76711e-07  21.3234
1.74384e-07  21.3234
1.72087e-07  21.3234
1.69821e-07  21.3234
1.67584e-07  21.3234
1.65377e-07  21.3234
1.63199e-07  21.3234
1.6105e-07  21.3234
1.58929e-07  21.3234
1.56836e-07  21.3234
1.54771e-07  21.3234
1.52732e-07  21.3234
1.50721e-07  21.3234
1.48736e-07  21.3234
1.46777e-07  21.3234
1.44844e-07  21.3234
1.42936e-07  21.3234
1.41054e-07  21.3234
1.39196e-07  21.3234
1.37363e-07  21.3234
1.35554e-07  21.3234
1.33769e-07  21.3234
1.32007e-07  21.3234
1.30269e-07  21.3234
1.28553e-07  21.3234
1.2686e-07  21.3234
1.25189e-07  21.3234
1.23541e-07  21.3234
1.21914e-07  21.3234
1.20308e-07  21.3234
1.18724e-07  21.3234
1.1716e-07  21.3234
1.15617e-07  21.3234
1.14095e-07  21.3234
1.12592e-07  21.3234
1.11109e-07  21.3234
1.09646e-07  21.3234
1.08202e-07  21.3234
1.06777e-07  21.3234
1.05371e-07  21.3234
1.03983e-07  21.3234
1.02613e-07  21.3234
1.01262e-07  21.3234
9.99285e-08  21.3234
9.86124e-08  21.3234
9.73137e-08  21.3234
9.60321e-08  21.3234
9.47674e-08  21.3234
9.35194e-08  21.3234
9.22877e-08  21.3234
9.10723e-08  21.3234
8.98729e-08  21.3234
8.86893e-08  21.3234
8.75213e-08  21.3234
8.63687e-08  21.3234
8.52312e-08  21.3234
8.41087e-08  21.3234
8.3001e-08  21.3234
8.19079e-08  21.3234
8.08292e-08  21.3234
7.97647e-08  21.3234
7.87142e-08  21.3234
7.76776e-08  21.3234
7.66546e-08  21.3234
7.56451e-08  21.3234
7.46488e-08  21.3234
7.36657e-08  21.3234
7.26956e-08  21.3234
7.17382e-08  21.3234
7.07934e-08  21.3234
6.98611e-08  21.3234
6.8941e-08  21.3234
6.80331e-08  21.3234
6.71371e-08  21.3234
6.62529e-08  21.3234
6.53804e-08  21.3234
6.45194e-08  21.3234
6.36697e-08  21.3234
6.28311e-08  21.3234
6.20037e-08  21.3234
6.11871e-08  21.3234
6.03813e-08  21.3234
5.95861e-08  21.3234
5.88013e-08  21.3234
5.80269e-08  21.3234
5.72627e-08  21.3234
5.65086e-08  21.3234
5.57644e-08  21.3234
5.503e-08  21.3234
5.43053e-08  21.3234
5.35901e-08  21.3234
5.28843e-08  21.3234
5.21878e-08  21.3234
5.15005e-08  21.3234
5.08223e-08  21.3234
5.0153e-08  21.3234
4.94925e-08  21.3234
4.88407e-08  21.3234
4.81974e-08  21.3234
4.75627e-08  21.3234
4.69363e-08  21.3234
4.63182e-08  21.3234
4.57082e-08  21.3234
4.51062e-08  21.3234
4.45122e-08  21.3234
4.39259e-08  21.3234
4.33474e-08  21.3234
4.27766e-08  21.3234
4.22132e-08  21.3234
4.16573e-08  21.3234
4.11087e-08  21.3234
4.05673e-08  21.3234
4.0033e-08  21.3234
3.95058e-08  21.3234
3.89855e-08  21.3234
3.84721e-08  21.3234
3.79654e-08  21.3234
3.74654e-08  21.3234
3.6972e-08  21.3234
3.64851e-08  21.3234
3.60046e-08  21.3234
3.55304e-08  21.3234
3.50625e-08  21.3234
3.46007e-08  21.3234
3.4145e-08  21.3234
3.36954e-08  21.3234
3.32516e-08  21.3234
3.28137e-08  21.3234
3.23815e-08  21.3234
3.19551e-08  21.3234
3.15342e-08  21.3234
3.11189e-08  21.3234
3.07091e-08  21.3234
3.03047e-08  21.3234
2.99056e-08  21.3234
2.95117e-08  21.3234
2.91231e-08  21.3234
2.87395e-08  21.3234
2.8361e-08  21.3234
2.79875e-08  21.3234
2.76189e-08  21.3234
2.72552e-08  21.3234
2.68962e-08  21.3234
2.6542e-08  21.3234
2.61925e-08  21.3234
2.58475e-08  21.3234
2.55071e-08  21.3234
2.51712e-08  21.3234
2.48397e-08  21.3234
2.45126e-08  21.3234
2.41897e-08  21.3234
2.38712e-08  21.3234
2.35568e-08  21.3234
2.32466e-08  21.3234
2.29404e-08  21.3234
2.26383e-08  21.3234
2.23401e-08  21.3234
2.20459e-08  21.3234
2.17556e-08  21.3234
2.14691e-08  21.3234
2.11863e-08  21.3234
2.09073e-08  21.3234
2.0632e-08  21.3234
2.03602e-08  21.3234
2.00921e-08  21.3234
1.98275e-08  21.3234
1.95664e-08  21.3234
1.93087e-08  21.3234
1.90544e-08  21.3234
1.88035e-08  21.3234
1.85558e-08  21.3234
1.83114e-08  21.3234
1.80703e-08  21.3234
1.78323e-08  21.3234
1.75975e-08  21.3234
1.73657e-08  21.3234
1.7137e-08  21.3234
1.69113e-08  21.3234
1.66886e-08  21.3234
1.64688e-08  21.3234
1.62519e-08  21.3234
1.60379e-08  21.3234
1.58267e-08  21.3234
1.56182e-08  21.3234
1.54126e-08  21.3234
1.52096e-08  21.3234
1.50093e-08  21.3234
1.48116e-08  21.3234
1.46165e-08  21.3234
1.4424e-08  21.3234
1.42341e-08  21.3234
1.40466e-08  21.3234
1.38616e-08  21.3234
1.36791e-08  21.3234
1.34989e-08  21.3234
1.33211e-08  21.3234
1.31457e-08  21.3234
1.29726e-08  21.3234
1.28017e-08  21.3234
1.26331e-08  21.3234
1.24668e-08  21.3234
1.23026e-08  21.3234
1.21406e-08  21.3234
1.19807e-08  21.3234
1.18229e-08  21.3234
1.16672e-08  21.3234
1.15135e-08  21.3234
1.13619e-08  21.3234
1.12123e-08  21.3234
1.10646e-08  21.3234
1.09189e-08  21.3234
1.07751e-08  21.3234
1.06332e-08  21.3234
1.04931e-08  21.3234
1.03549e-08  21.3234
1.02186e-08  21.3234
1.0084e-08  21.3234
9.9512e-09  21.3234
9.82014e-09  21.3234
9.69081e-09  21.3234
9.56319e-09  21.3234
9.43724e-09  21.3234
9.31296e-09  21.3234
9.19031e-09  21.3234
9.06927e-09  21.3234
8.94983e-09  21.3234
8.83196e-09  21.3234
8.71565e-09  21.3234
8.60087e-09  21.3234
8.4876e-09  21.3234
8.37582e-09  21.3234
8.26551e-09  21.3234
8.15665e-09  21.3234
8.04923e-09  21.3234
7.94322e-09  21.3234
7.83861e-09  21.3234
7.73538e-09  21.3234
7.63351e-09  21.3234
7.53298e-09  21.3234
7.43377e-09  21.3234
7.33587e-09  21.3234
7.23926e-09  21.3234
7.14392e-09  21.3234
7.04983e-09  21.3234
6.95699e-09  21.3234
6.86537e-09  21.3234
6.77495e-09  21.3234
6.68573e-09  21.3234
6.59768e-09  21.3234
6.51079e-09  21.3234
6.42504e-09  21.3234
6.34043e-09  21.3234
6.25692e-09  21.3234
6.17452e-09  21.3234
6.0932e-09  21.3234
6.01296e-09  21.3234
5.93377e-09  21.3234
5.85562e-09  21.3234
5.77851e-09  21.3234
5.7024e-09  21.3234
5.6273e-09  21.3234
5.55319e-09  21.3234
5.48006e-09  21.3234
5.40789e-09  21.3234
5.33667e-09  21.3234
5.26639e-09  21.3234
5.19703e-09  21.3234
5.12859e-09  21.3234
5.06104e-09  21.3234
4.99439e-09  21.3234
4.92861e-09  21.3234
4.86371e-09  21.3234
4.79965e-09  21.3234
4.73644e-09  21.3234
4.67406e-09  21.3234
4.61251e-09  21.3234
4.55176e-09  21.3234
4.49182e-09  21.3234
4.43266e-09  21.3234
4.37428e-09  21.3234
4.31668e-09  21.3234
4.25983e-09  21.3234
4.20372e-09  21.3234
4.14836e-09  21.3234
4.09373e-09  21.3234
4.03982e-09  21.3234
3.98661e-09  21.3234
3.93411e-09  21.3234
3.8823e-09  21.3234
3.83117e-09  21.3234
3.78071e-09  21.3234
3.73092e-09  21.3234
3.68179e-09  21.3234
3.6333e-09  21.3234
3.58545e-09  21.3234
3.53823e-09  21.3234
3.49163e-09  21.3234
3.44565e-09  21.3234
3.40027e-09  21.3234
3.35549e-09  21.3234
3.3113e-09  21.3234
3.26769e-09  21.3234
3.22465e-09  21.3234
3.18219e-09  21.3234
3.14028e-09  21.3234
3.09892e-09  21.3234
3.05811e-09  21.3234
3.01783e-09  21.3234
2.97809e-09  21.3234
2.93887e-09  21.3234
2.90017e-09  21.3234
2.86197e-09  21.3234
2.82428e-09  21.3234
2.78708e-09  21.3234
2.75038e-09  21.3234
2.71416e-09  21.3234
2.67841e-09  21.3234
2.64314e-09  21.3234
2.60833e-09  21.3234
2.57398e-09  21.3234
2.54008e-09  21.3234
2.50663e-09  21.3234
2.47362e-09  21.3234
2.44104e-09  21.3234
2.40889e-09  21.3234
2.37717e-09  21.3234
2.34586e-09  21.3234
2.31496e-09  21.3234
2.28448e-09  21.3234
2.25439e-09  21.3234
2.2247e-09  21.3234
2.1954e-09  21.3234
2.16649e-09  21.3234
2.13796e-09  21.3234
2.1098e-09  21.3234
2.08202e-09  21.3234
2.0546e-09  21.3234
2.02754e-09  21.3234
2.00084e-09  21.3234
1.97448e-09  21.3234
1.94848e-09  21.3234
1.92282e-09  21.3234
1.8975e-09  21.3234
1.87251e-09  21.3234
1.84785e-09  21.3261
1.82351e-09  21.3261
1.7995e-09  21.3261
1.7758e-09  21.3261
1.75241e-09  21.3261
1.72933e-09  21.3261
1.70656e-09  21.3261
1.68408e-09  21.3261
1.6619e-09  21.3261
1.64002e-09  21.3261
1.61842e-09  21.3261
1.5971e-09  21.3261
1.57607e-09  21.3261
1.55531e-09  21.3261
1.53483e-09  21.3261
1.51462e-09  21.3261
1.49467e-09  21.3261
1.47499e-09  21.3261
1.45556e-09  21.3261
1.43639e-09  21.3261
1.41747e-09  21.3261
1.39881e-09  21.3261
1.38038e-09  21.3261
1.3622e-09  21.3261
1.34426e-09  21.3261
1.32656e-09  21.3261
1.30909e-09  21.3261
1.29185e-09  21.3261
1.27484e-09  21.3261
1.25805e-09  21.3261
1.24148e-09  21.3261
1.22513e-09  21.3261
1.20899e-09  21.3261
1.19307e-09  21.3261
1.17736e-09  21.3261
1.16185e-09  21.3261
1.14655e-09  21.3261
1.13145e-09  21.3261
1.11655e-09  21.3261
1.10185e-09  21.3261
1.08734e-09  21.3261
1.07302e-09  21.3261
1.05889e-09  21.3261
1.04494e-09  21.3261
1.03118e-09  21.3261
1.0176e-09  21.3261
1.0042e-09  21.3261
9.90971e-10  21.3261
9.7792e-10  21.3261
9.65041e-10  21.3261
9.52332e-10  21.3261
9.3979e-10  21.3261
9.27413e-10  21.3261
9.15199e-10  21.3261
9.03146e-10  21.3261
8.91252e-10  21.3261
8.79515e-10  21.3261
8.67932e-10  21.3261
8.56501e-10  21.3261
8.45221e-10  21.3261
8.3409e-10  21.3261
8.23105e-10  21.3261
8.12265e-10  21.3261
8.01568e-10  21.3261
7.91011e-10  21.3261
7.80594e-10  21.3261
7.70314e-10  21.3261
7.60169e-10  21.3261
7.50157e-10  21.3261
7.40278e-10  21.3261
7.30529e-10  21.3261
7.20908e-10  21.3261
7.11414e-10  21.3261
7.02044e-10  21.3261
6.92799e-10  21.3261
6.83675e-10  21.3261
6.74671e-10  21.3261
6.65786e-10  21.3261
6.57017e-10  21.3261
6.48365e-10  21.3261
6.39826e-10  21.3261
6.31399e-10  21.3261
6.23084e-10  21.3261
6.14878e-10  21.3261
6.0678e-10  21.3261
5.98789e-10  21.3261
5.90903e-10  21.3261
5.83121e-10  21.3261
5.75442e-10  21.3261
5.67863e-10  21.3261
5.60385e-10  21.3261
5.53004e-10  21.3261
5.45721e-10  21.3261
5.38534e-10  21.3261
5.31442e-10  21.3261
5.24443e-10  21.3261
5.17536e-10  21.3261
5.1072e-10  21.3261
5.03994e-10  21.3261
4.97357e-10  21.3261
4.90807e-10  21.3261
4.84343e-10  21.3261
4.77964e-10  21.3261
4.7167e-10  21.3261
4.65458e-10  21.3261
4.59328e-10  21.3261
4.53279e-10  21.3261
4.47309e-10  21.3261
4.41418e-10  21.3261
4.35605e-10  21.3261
4.29868e-10  21.3261
4.24207e-10  21.3261
4.1862e-10  21.3261
4.13107e-10  21.3261
4.07666e-10  21.3261
4.02297e-10  21.3261
3.96999e-10  21.3261
3.91771e-10  21.3261
3.86611e-10  21.3261
3.8152e-10  21.3261
3.76495e-10  21.3261
3.71537e-10  21.3261
3.66644e-10  21.3261
3.61815e-10  21.3261
3.5705e-10  21.3261
3.52348e-10  21.3261
3.47708e-10  21.3261
3.43128e-10  21.3261
3.38609e-10  21.3261
3.3415e-10  21.3261
3.29749e-10  21.3261
3.25407e-10  21.3261
3.21121e-10  21.3261
3.16892e-10  21.3261
3.12719e-10  21.3261
3.086e-10  21.3261
3.04536e-10  21.3261
3.00525e-10  21.3261
2.96567e-10  21.3261
2.92662e-10  21.3261
2.88807e-10  21.3261
2.85004e-10  21.3261
2.8125e-10  21.3261
2.77546e-10  21.3261
2.73891e-10  21.3261
2.70284e-10  21.3261
2.66725e-10  21.3261
2.63212e-10  21.3261
2.59745e-10  21.3261
2.56325e-10  21.3261
2.52949e-10  21.3261
2.49618e-10  21.3261
2.4633e-10  21.3261
2.43086e-10  21.3261
2.39885e-10  21.3261
2.36726e-10  21.3261
2.33608e-10  21.3261
2.30531e-10  21.3261
2.27495e-10  21.3261
2.24499e-10  21.3261
2.21543e-10  21.3261
2.18625e-10  21.3261
2.15746e-10  21.3261
2.12904e-10  21.3261
2.10101e-10  21.3261
2.07334e-10  21.3261
2.04603e-10  21.3261
2.01908e-10  21.3261
1.99249e-10  21.3261
1.96625e-10  21.3261
1.94036e-10  21.3261
1.9148e-10  21.3261
1.88959e-10  21.3261
1.8647e-10  21.3261
1.84014e-10  21.3261
1.81591e-10  21.3261
1.79199e-10  21.3261
1.76839e-10  21.3261
1.7451e-10  21.3261
1.72212e-10  21.3261
1.69944e-10  21.3261
1.67706e-10  21.3261
1.65497e-10  21.3261
1.63318e-10  21.3261
1.61167e-10  21.3261
1.59044e-10  21.3261
1.5695e-10  21.3261
1.54883e-10  21.3261
1.52843e-10  21.3261
1.5083e-10  21.3261
1.48844e-10  21.3261
1.46884e-10  21.3261
1.44949e-10  21.3261
1.4304e-10  21.3261
1.41156e-10  21.3261
1.39297e-10  21.3261
1.37463e-10  21.3261
1.35653e-10  21.3261
1.33866e-10  21.3261
1.32103e-10  21.3261
1.30363e-10  21.3261
1.28646e-10  21.3261
1.26952e-10  21.3261
1.2528e-10  21.3261
1.2363e-10  21.3261
1.22002e-10  21.3261
1.20395e-10  21.3261
1.1881e-10  21.3261
1.17245e-10  21.3261
1.15701e-10  21.3261
1.14177e-10  21.3261
1.12674e-10  21.3261
1.1119e-10  21.3261
1.09725e-10  21.3261
1.0828e-10  21.3261
1.06854e-10  21.3261
1.05447e-10  21.3261
1.04058e-10  21.3261
1.02688e-10  21.3261
1.01336e-10  21.3261
1.00001e-10  21.3261
